    557.50    1.9652
    557.60    1.9658
    557.70    1.9663
    557.80    1.9669
    557.90    1.9674
    558.00    1.9679
    558.10    1.9684
    558.20    1.9689
    558.30    1.9694
    558.40    1.9699
    558.50    1.9703
    558.60    1.9708
    558.70    1.9713
    558.80    1.9718
    558.90    1.9724
    559.00    1.9729
    559.10    1.9735
    559.20    1.9741
    559.30    1.9748
    559.40    1.9754
    559.50    1.9760
    559.60    1.9767
    559.70    1.9773
    559.80    1.9779
    559.90    1.9784
    560.00    1.9790
    560.10    1.9794
    560.20    1.9799
    560.30    1.9803
    560.40    1.9807
    560.50    1.9811
    560.60    1.9814
    560.70    1.9818
    560.80    1.9822
    560.90    1.9825
    561.00    1.9829
    561.10    1.9834
    561.20    1.9838
    561.30    1.9843
    561.40    1.9848
    561.50    1.9853
    561.60    1.9858
    561.70    1.9864
    561.80    1.9869
    561.90    1.9874
    562.00    1.9879
    562.10    1.9884
    562.20    1.9888
    562.30    1.9893
    562.40    1.9898
    562.50    1.9902
    562.60    1.9906
    562.70    1.9910
    562.80    1.9914
    562.90    1.9918
    563.00    1.9922
    563.10    1.9926
    563.20    1.9930
    563.30    1.9934
    563.40    1.9938
    563.50    1.9942
    563.60    1.9945
    563.70    1.9949
    563.80    1.9952
    563.90    1.9956
    564.00    1.9960
    564.10    1.9963
    564.20    1.9966
    564.30    1.9970
    564.40    1.9973
    564.50    1.9976
    564.60    1.9979
    564.70    1.9982
    564.80    1.9985
    564.90    1.9987
    565.00    1.9990
    565.10    1.9992
    565.20    1.9994
    565.30    1.9997
    565.40    1.9999
    565.50    2.0001
    565.60    2.0003
    565.70    2.0005
    565.80    2.0008
    565.90    2.0010
    566.00    2.0013
    566.10    2.0016
    566.20    2.0019
    566.30    2.0023
    566.40    2.0026
    566.50    2.0029
    566.60    2.0033
    566.70    2.0036
    566.80    2.0039
    566.90    2.0041
    567.00    2.0043
    567.10    2.0045
    567.20    2.0046
    567.30    2.0047
    567.40    2.0047
    567.50    2.0048
    567.60    2.0048
    567.70    2.0048
    567.80    2.0049
    567.90    2.0050
    568.00    2.0050
    568.10    2.0051
    568.20    2.0053
    568.30    2.0054
    568.40    2.0056
    568.50    2.0058
    568.60    2.0059
    568.70    2.0061
    568.80    2.0062
    568.90    2.0063
    569.00    2.0063
    569.10    2.0064
    569.20    2.0063
    569.30    2.0063
    569.40    2.0062
    569.50    2.0061
    569.60    2.0060
    569.70    2.0058
    569.80    2.0056
    569.90    2.0055
    570.00    2.0053
    570.10    2.0051
    570.20    2.0049
    570.30    2.0047
    570.40    2.0046
    570.50    2.0044
    570.60    2.0042
    570.70    2.0040
    570.80    2.0038
    570.90    2.0035
    571.00    2.0033
    571.10    2.0031
    571.20    2.0028
    571.30    2.0026
    571.40    2.0023
    571.50    2.0020
    571.60    2.0017
    571.70    2.0014
    571.80    2.0011
    571.90    2.0008
    572.00    2.0004
    572.10    2.0001
    572.20    1.9997
    572.30    1.9993
    572.40    1.9989
    572.50    1.9985
    572.60    1.9981
    572.70    1.9977
    572.80    1.9974
    572.90    1.9970
    573.00    1.9967
    573.10    1.9964
    573.20    1.9961
    573.30    1.9958
    573.40    1.9955
    573.50    1.9952
    573.60    1.9950
    573.70    1.9946
    573.80    1.9943
    573.90    1.9939
    574.00    1.9935
    574.10    1.9931
    574.20    1.9926
    574.30    1.9921
    574.40    1.9915
    574.50    1.9910
    574.60    1.9904
    574.70    1.9898
    574.80    1.9893
    574.90    1.9888
    575.00    1.9883
    575.10    1.9878
    575.20    1.9873
    575.30    1.9869
    575.40    1.9865
    575.50    1.9860
    575.60    1.9856
    575.70    1.9851
    575.80    1.9847
    575.90    1.9842
    576.00    1.9837
    576.10    1.9831
    576.20    1.9825
    576.30    1.9818
    576.40    1.9812
    576.50    1.9805
    576.60    1.9798
    576.70    1.9791
    576.80    1.9784
    576.90    1.9777
    577.00    1.9771
    577.10    1.9765
    577.20    1.9758
    577.30    1.9753
    577.40    1.9747
    577.50    1.9741
    577.60    1.9736
    577.70    1.9730
    577.80    1.9724
    577.90    1.9719
    578.00    1.9713
    578.10    1.9707
    578.20    1.9701
    578.30    1.9695
    578.40    1.9689
    578.50    1.9683
    578.60    1.9677
    578.70    1.9670
    578.80    1.9664
    578.90    1.9657
    579.00    1.9650
    579.10    1.9644
    579.20    1.9637
    579.30    1.9630
    579.40    1.9623
    579.50    1.9616
    579.60    1.9609
    579.70    1.9603
    579.80    1.9596
    579.90    1.9590
    580.00    1.9583
    580.10    1.9577
    580.20    1.9571
    580.30    1.9565
    580.40    1.9560
    580.50    1.9554
    580.60    1.9548
    580.70    1.9543
    580.80    1.9537
    580.90    1.9531
    581.00    1.9526
    581.10    1.9520
    581.20    1.9514
    581.30    1.9508
    581.40    1.9502
    581.50    1.9497
    581.60    1.9490
    581.70    1.9484
    581.80    1.9478
    581.90    1.9472
    582.00    1.9466
    582.10    1.9459
    582.20    1.9453
    582.30    1.9446
    582.40    1.9440
    582.50    1.9433
    582.60    1.9427
    582.70    1.9421
    582.80    1.9415
    582.90    1.9409
    583.00    1.9404
    583.10    0.7958
    583.20    0.7954
    583.30    0.7949
    583.40    0.7945
    583.50    0.7940
    583.60    0.7935
    583.70    0.7930
    583.80    0.7924
    583.90    0.7919
    584.00    0.7912
    584.10    0.7906
    584.20    0.7899
    584.30    0.7892
    584.40    0.7884
    584.50    0.7877
    584.60    0.7869
    584.70    0.7861
    584.80    0.7853
    584.90    0.7845
    585.00    0.7838
    585.10    0.7830
    585.20    0.7823
    585.30    0.7816
    585.40    0.7809
    585.50    0.7802
    585.60    0.7795
    585.70    1.9143
    585.80    1.9133
    585.90    1.9123
    586.00    1.9113
    586.10    1.9103
    586.20    1.9093
    586.30    1.9083
    586.40    1.9073
    586.50    1.9062
    586.60    1.9052
    586.70    1.9042
    586.80    1.9032
    586.90    1.9021
    587.00    1.9011
    587.10    1.9001
    587.20    1.8992
    587.30    1.8982
    587.40    1.8972
    587.50    1.8962
    587.60    1.8953
    587.70    1.8943
    587.80    1.8934
    587.90    1.8925
    588.00    1.8915
    588.10    1.8906
    588.20    1.8897
    588.30    1.8888
    588.40    1.8879
    588.50    1.8870
    588.60    1.8861
    588.70    1.8852
    588.80    1.8843
    588.90    1.8835
    589.00    1.8826
    589.10    1.8818
    589.20    1.8809
    589.30    1.8801
    589.40    1.8793
    589.50    1.8785
    589.60    1.8777
    589.70    1.8769
    589.80    1.8761
    589.90    1.8754
    590.00    1.8746
    590.10    1.8738
    590.20    1.8731
    590.30    1.8724
    590.40    1.8716
    590.50    1.8709
    590.60    1.8702
    590.70    1.8695
    590.80    1.8688
    590.90    1.8681
    591.00    0.7480
    591.10    0.7475
    591.20    0.7471
    591.30    0.7467
    591.40    0.7462
    591.50    0.7458
    591.60    0.7454
    591.70    0.7450
    591.80    0.7446
    591.90    0.7441
    592.00    0.7437
    592.10    0.7433
    592.20    0.7428
    592.30    0.7423
    592.40    0.7419
    592.50    0.7414
    592.60    0.7409
    592.70    0.7405
    592.80    0.7400
    592.90    0.7396
    593.00    0.7391
    593.10    0.7387
    593.20    0.7383
    593.30    0.7379
    593.40    0.7375
    593.50    0.7372
    593.60    1.8528
    593.70    1.8524
    593.80    1.8520
    593.90    1.8516
    594.00    1.8511
    594.10    1.8507
    594.20    1.8502
    594.30    1.8497
    594.40    1.8492
    594.50    1.8486
    594.60    1.8481
    594.70    1.8475
    594.80    1.8470
    594.90    1.8464
    595.00    1.8459
    595.10    1.8453
    595.20    1.8447
    595.30    1.8442
    595.40    1.8436
    595.50    1.8431
    595.60    1.8426
    595.70    1.8420
    595.80    1.8415
    595.90    1.8410
    596.00    1.8405
    596.10    1.8400
    596.20    1.8395
    596.30    1.8390
    596.40    1.8386
    596.50    1.8381
    596.60    1.8377
    596.70    1.8372
    596.80    1.8368
    596.90    1.8363
    597.00    1.8359
    597.10    1.8354
    597.20    1.8349
    597.30    1.8345
    597.40    1.8340
    597.50    1.8335
    597.60    1.8329
    597.70    1.8324
    597.80    1.8318
    597.90    1.8312
    598.00    1.8306
    598.10    1.8300
    598.20    1.8293
    598.30    1.8286
    598.40    1.8279
    598.50    1.8271
    598.60    1.8264
    598.70    1.8256
    598.80    1.8249
    598.90    1.8242
    599.00    1.8234
    599.10    1.8227
    599.20    1.8220
    599.30    1.8213
    599.40    1.8206
    599.50    1.8199
    599.60    1.8192
    599.70    1.8185
    599.80    1.8177
    599.90    1.8170
    600.00    1.8162
    600.10    1.8154
    600.20    1.8146
    600.30    1.8137
    600.40    1.8129
    600.50    1.8120
    600.60    1.8111
    600.70    1.8103
    600.80    1.8094
    600.90    1.8085
    601.00    1.8077
    601.10    1.8068
    601.20    1.8060
    601.30    1.8051
    601.40    1.8043
    601.50    1.8035
    601.60    1.8026
    601.70    1.8017
    601.80    1.8008
    601.90    1.7999
    602.00    1.7990
    602.10    1.7980
    602.20    1.7969
    602.30    1.7959
    602.40    1.7948
    602.50    1.7937
    602.60    1.7926
    602.70    1.7915
    602.80    1.7904
    602.90    1.7893
    603.00    1.7882
    603.10    1.7871
    603.20    1.7861
    603.30    1.7851
    603.40    1.7840
    603.50    1.7830
    603.60    1.7820
    603.70    1.7809
    603.80    1.7799
    603.90    1.7788
    604.00    1.7777
    604.10    1.7765
    604.20    1.7753
    604.30    1.7741
    604.40    1.7729
    604.50    1.7716
    604.60    1.7704
    604.70    1.7692
    604.80    1.7679
    604.90    1.7667
    605.00    0.6803
    605.10    0.6797
    605.20    0.6791
    605.30    0.6785
    605.40    0.6778
    605.50    0.6772
    605.60    0.6766
    605.70    0.6759
    605.80    0.6753
    605.90    0.6746
    606.00    0.6740
    606.10    0.6733
    606.20    0.6726
    606.30    0.6719
    606.40    0.6712
    606.50    0.6706
    606.60    0.6699
    606.70    0.6692
    606.80    0.6685
    606.90    0.6679
    607.00    0.6672
    607.10    0.6665
    607.20    0.6659
    607.30    0.6653
    607.40    0.6646
    607.50    0.6640
    607.60    0.6634
    607.70    0.6628
    607.80    0.6621
    607.90    0.6615
    608.00    0.6609
    608.10    0.6603
    608.20    0.6596
    608.30    0.6590
    608.40    0.6584
    608.50    0.6578
    608.60    0.6571
    608.70    0.6565
    608.80    0.6559
    608.90    0.6553
    609.00    0.6547
    609.10    0.6542
    609.20    0.6536
    609.30    0.6531
    609.40    0.6525
    609.50    0.6520
    609.60    0.6515
    609.70    0.6509
    609.80    0.6504
    609.90    0.6499
    610.00    0.6493
    610.10    0.6488
    610.20    0.6482
    610.30    0.6477
    610.40    0.6471
    610.50    0.6466
    610.60    0.6460
    610.70    0.6454
    610.80    0.6449
    610.90    0.6443
    611.00    0.6438
    611.10    0.6432
    611.20    0.6427
    611.30    0.6422
    611.40    0.6417
    611.50    0.6411
    611.60    0.6406
    611.70    0.6401
    611.80    0.6396
    611.90    0.6391
    612.00    0.6386
    612.10    0.6380
    612.20    0.6375
    612.30    0.6370
    612.40    0.6365
    612.50    0.6360
    612.60    0.6355
    612.70    0.6351
    612.80    1.6821
    612.90    1.6813
    613.00    1.6805
    613.10    1.6797
    613.20    1.6789
    613.30    1.6781
    613.40    1.6773
    613.50    1.6766
    613.60    1.6758
    613.70    1.6750
    613.80    1.6743
    613.90    1.6736
    614.00    1.6728
    614.10    1.6721
    614.20    1.6714
    614.30    1.6707
    614.40    1.6700
    614.50    1.6693
    614.60    1.6686
    614.70    1.6679
    614.80    1.6673
    614.90    1.6666
    615.00    1.6659
    615.10    1.6652
    615.20    1.6646
    615.30    1.6639
    615.40    1.6632
    615.50    1.6626
    615.60    1.6620
    615.70    1.6613
    615.80    1.6608
    615.90    1.6602
    616.00    1.6596
    616.10    1.6591
    616.20    1.6586
    616.30    1.6581
    616.40    1.6576
    616.50    1.6572
    616.60    1.6567
    616.70    1.6562
    616.80    1.6558
    616.90    1.6553
    617.00    1.6548
    617.10    1.6544
    617.20    1.6539
    617.30    1.6534
    617.40    1.6528
    617.50    1.6523
    617.60    1.6518
    617.70    1.6513
    617.80    1.6508
    617.90    1.6503
    618.00    1.6498
    618.10    1.6493
    618.20    1.6488
    618.30    1.6483
    618.40    1.6479
    618.50    1.6474
    618.60    1.6469
    618.70    1.6465
    618.80    1.6461
    618.90    1.6456
    619.00    1.6452
    619.10    1.6448
    619.20    1.6443
    619.30    1.6439
    619.40    1.6435
    619.50    1.6431
    619.60    1.6427
    619.70    1.6423
    619.80    1.6419
    619.90    1.6415
    620.00    1.6411
    620.10    1.6408
    620.20    1.6404
    620.30    1.6401
    620.40    1.6397
    620.50    1.6394
    620.60    1.6390
    620.70    1.6386
    620.80    1.6383
    620.90    1.6379
    621.00    1.6375
    621.10    1.6371
    621.20    1.6367
    621.30    1.6363
    621.40    1.6358
    621.50    1.6354
    621.60    1.6350
    621.70    1.6346
    621.80    1.6342
    621.90    1.6338
    622.00    1.6335
    622.10    1.6331
    622.20    1.6328
    622.30    1.6325
    622.40    1.6323
    622.50    1.6320
    622.60    1.6317
    622.70    1.6315
    622.80    1.6312
    622.90    1.6309
    623.00    1.6307
    623.10    1.6304
    623.20    1.6301
    623.30    1.6297
    623.40    1.6294
    623.50    1.6291
    623.60    1.6287
    623.70    1.6284
    623.80    0.6055
    623.90    0.6053
    624.00    0.6050
    624.10    0.6048
    624.20    0.6046
    624.30    0.6044
    624.40    0.6043
    624.50    0.6041
    624.60    0.6039
    624.70    0.6037
    624.80    0.6036
    624.90    0.6034
    625.00    0.6033
    625.10    0.6032
    625.20    0.6031
    625.30    0.6030
    625.40    0.6029
    625.50    0.6029
    625.60    0.6028
    625.70    0.6027
    625.80    0.6026
    625.90    0.6026
    626.00    0.6025
    626.10    0.6024
    626.20    0.6023
    626.30    1.6222
    626.40    1.6220
    626.50    1.6219
    626.60    1.6217
    626.70    1.6216
    626.80    1.6214
    626.90    1.6212
    627.00    1.6210
    627.10    1.6208
    627.20    1.6206
    627.30    1.6204
    627.40    1.6201
    627.50    1.6199
    627.60    1.6197
    627.70    1.6195
    627.80    1.6192
    627.90    1.6191
    628.00    1.6189
    628.10    1.6187
    628.20    1.6186
    628.30    1.6185
    628.40    1.6184
    628.50    0.5999
    628.60    0.5998
    628.70    0.5997
    628.80    0.5996
    628.90    0.5994
    629.00    0.5993
    629.10    0.5992
    629.20    0.5991
    629.30    0.5989
    629.40    0.5988
    629.50    0.5986
    629.60    0.5985
    629.70    0.5984
    629.80    0.5983
    629.90    0.5982
    630.00    0.5981
    630.10    0.5980
    630.20    0.5980
    630.30    0.5979
    630.40    0.5979
    630.50    0.5978
    630.60    0.5978
    630.70    0.5978
    630.80    0.5977
    630.90    0.5977
    631.00    0.5976
    631.10    1.6149
    631.20    1.6148
    631.30    1.6146
    631.40    1.6145
    631.50    1.6143
    631.60    1.6142
    631.70    1.6140
    631.80    1.6138
    631.90    1.6136
    632.00    1.6134
    632.10    1.6133
    632.20    1.6131
    632.30    1.6129
    632.40    1.6127
    632.50    1.6126
    632.60    1.6124
    632.70    1.6123
    632.80    1.6122
    632.90    1.6120
    633.00    1.6119
    633.10    1.6119
    633.20    1.6118
    633.30    1.6117
    633.40    1.6117
    633.50    1.6116
    633.60    1.6116
    633.70    1.6115
    633.80    1.6115
    633.90    1.6114
    634.00    1.6113
    634.10    1.6112
    634.20    1.6111
    634.30    1.6110
    634.40    1.6109
    634.50    1.6108
    634.60    1.6106
    634.70    1.6105
    634.80    1.6103
    634.90    1.6101
    635.00    1.6100
    635.10    1.6098
    635.20    1.6097
    635.30    1.6095
    635.40    1.6094
    635.50    1.6092
    635.60    1.6091
    635.70    1.6090
    635.80    1.6089
    635.90    1.6088
    636.00    1.6087
    636.10    1.6086
    636.20    1.6086
    636.30    1.6086
    636.40    1.6085
    636.50    1.6085
    636.60    1.6085
    636.70    1.6084
    636.80    1.6084
    636.90    1.6083
    637.00    1.6083
    637.10    1.6082
    637.20    1.6081
    637.30    1.6079
    637.40    1.6078
