    462.50    0.2139
    462.60    0.2144
    462.70    0.2150
    462.80    0.2155
    462.90    0.2161
    463.00    0.2166
    463.10    0.2171
    463.20    0.2177
    463.30    0.2182
    463.40    0.2188
    463.50    0.2193
    463.60    0.2199
    463.70    0.2204
    463.80    0.2210
    463.90    0.2215
    464.00    0.2220
    464.10    0.2226
    464.20    0.2231
    464.30    0.2237
    464.40    0.2242
    464.50    0.2248
    464.60    0.2253
    464.70    0.2259
    464.80    0.2264
    464.90    0.2270
    465.00    0.2275
    465.10    0.2281
    465.20    0.2286
    465.30    0.2292
    465.40    0.2297
    465.50    0.2303
    465.60    0.2308
    465.70    0.2313
    465.80    0.2319
    465.90    0.2324
    466.00    0.2330
    466.10    0.2335
    466.20    0.2341
    466.30    0.2346
    466.40    0.2352
    466.50    0.2357
    466.60    0.2363
    466.70    0.2368
    466.80    0.2374
    466.90    0.2379
    467.00    0.2385
    467.10    0.2390
    467.20    0.2396
    467.30    0.2401
    467.40    0.2407
    467.50    0.2412
    467.60    1.0073
    467.70    1.0097
    467.80    1.0121
    467.90    1.0145
    468.00    1.0169
    468.10    1.0193
    468.20    1.0217
    468.30    1.0242
    468.40    1.0266
    468.50    1.0290
    468.60    1.0315
    468.70    1.0339
    468.80    1.0363
    468.90    1.0388
    469.00    1.0412
    469.10    1.0437
    469.20    1.0461
    469.30    1.0486
    469.40    1.0511
    469.50    1.0535
    469.60    1.0560
    469.70    1.0584
    469.80    1.0609
    469.90    1.0634
    470.00    1.0659
    470.10    1.0683
    470.20    1.0708
    470.30    1.0733
    470.40    1.0758
    470.50    1.0783
    470.60    1.0808
    470.70    1.0833
    470.80    1.0858
    470.90    1.0883
    471.00    1.0908
    471.10    1.0933
    471.20    1.0958
    471.30    1.0983
    471.40    1.1008
    471.50    1.1034
    471.60    1.1059
    471.70    1.1085
    471.80    1.1110
    471.90    1.1135
    472.00    1.1161
    472.10    1.1187
    472.20    1.1212
    472.30    1.1238
    472.40    1.1264
    472.50    1.1290
    472.60    1.1315
    472.70    1.1341
    472.80    1.1367
    472.90    1.1393
    473.00    1.1419
    473.10    1.1445
    473.20    1.1471
    473.30    1.1497
    473.40    1.1523
    473.50    1.1549
    473.60    1.1575
    473.70    1.1601
    473.80    1.1627
    473.90    1.1654
    474.00    1.1680
    474.10    1.1706
    474.20    1.1733
    474.30    1.1760
    474.40    1.1786
    474.50    1.1813
    474.60    1.1840
    474.70    1.1867
    474.80    1.1894
    474.90    1.1920
    475.00    1.1947
    475.10    1.1974
    475.20    1.2001
    475.30    1.2028
    475.40    1.2055
    475.50    1.2082
    475.60    1.2109
    475.70    1.2137
    475.80    1.2164
    475.90    1.2191
    476.00    1.2218
    476.10    1.2246
    476.20    1.2273
    476.30    1.2301
    476.40    1.2329
    476.50    1.2356
    476.60    1.2384
    476.70    1.2412
    476.80    1.2440
    476.90    1.2468
    477.00    1.2496
    477.10    1.2524
    477.20    1.2552
    477.30    1.2581
    477.40    1.2609
    477.50    1.2637
    477.60    1.2665
    477.70    1.2694
    477.80    1.2722
    477.90    1.2751
    478.00    1.2779
    478.10    1.2808
    478.20    1.2837
    478.30    1.2865
    478.40    1.2894
    478.50    1.2923
    478.60    1.2952
    478.70    1.2981
    478.80    1.3010
    478.90    1.3039
    479.00    1.3068
    479.10    1.3097
    479.20    1.3127
    479.30    1.3156
    479.40    1.3185
    479.50    1.3215
    479.60    1.3244
    479.70    1.3274
    479.80    1.3303
    479.90    1.3333
    480.00    1.3363
    480.10    1.3393
    480.20    1.3422
    480.30    1.3452
    480.40    1.3482
    480.50    1.3512
    480.60    1.3542
    480.70    1.3572
    480.80    1.3603
    480.90    1.3633
    481.00    1.3663
    481.10    1.3694
    481.20    1.3724
    481.30    1.3755
    481.40    1.3785
    481.50    1.3816
    481.60    1.3847
    481.70    1.3878
    481.80    1.3908
    481.90    1.3939
    482.00    1.3970
    482.10    1.4001
    482.20    1.4032
    482.30    1.4063
    482.40    1.4095
    482.50    1.4126
    482.60    1.4157
    482.70    1.4188
    482.80    1.4219
    482.90    1.4250
    483.00    1.4281
    483.10    1.4312
    483.20    1.4343
    483.30    1.4373
    483.40    1.4404
    483.50    1.4435
    483.60    1.4466
    483.70    1.4497
    483.80    1.4527
    483.90    1.4558
    484.00    1.4589
    484.10    1.4619
    484.20    1.4650
    484.30    1.4681
    484.40    1.4711
    484.50    1.4742
    484.60    1.4773
    484.70    1.4803
    484.80    1.4834
    484.90    1.4864
    485.00    1.4895
    485.10    1.4925
    485.20    1.4956
    485.30    1.4986
    485.40    1.5016
    485.50    1.5047
    485.60    1.5077
    485.70    1.5106
    485.80    1.5136
    485.90    1.5165
    486.00    1.5194
    486.10    1.5223
    486.20    1.5252
    486.30    1.5281
    486.40    1.5309
    486.50    1.5338
    486.60    1.5367
    486.70    1.5397
    486.80    1.5427
    486.90    1.5458
    487.00    1.5489
    487.10    1.5521
    487.20    1.5554
    487.30    1.5586
    487.40    1.5617
    487.50    1.5648
    487.60    1.5676
    487.70    1.5703
    487.80    1.5726
    487.90    1.5747
    488.00    1.5763
    488.10    1.5776
    488.20    1.5784
    488.30    1.5790
    488.40    1.5793
    488.50    1.5793
    488.60    1.5792
    488.70    1.5790
    488.80    1.5788
    488.90    1.5785
    489.00    1.5783
    489.10    1.5782
    489.20    1.5782
    489.30    1.5783
    489.40    1.5784
    489.50    1.5785
    489.60    1.5787
    489.70    1.5789
    489.80    1.5790
    489.90    1.5791
    490.00    1.5792
    490.10    1.5792
    490.20    1.5792
    490.30    1.5791
    490.40    1.5789
    490.50    1.5788
    490.60    1.5785
    490.70    1.5783
    490.80    1.5780
    490.90    1.5776
    491.00    1.5773
    491.10    1.5769
    491.20    1.5766
    491.30    1.5762
    491.40    1.5758
    491.50    1.5754
    491.60    1.5749
    491.70    1.5745
    491.80    1.5740
    491.90    1.5735
    492.00    1.5730
    492.10    1.5725
    492.20    1.5719
    492.30    1.5714
    492.40    1.5708
    492.50    1.5702
    492.60    1.5696
    492.70    1.5689
    492.80    1.5683
    492.90    1.5676
    493.00    1.5670
    493.10    1.5663
    493.20    1.5656
    493.30    1.5649
    493.40    1.5642
    493.50    1.5635
    493.60    1.5628
    493.70    1.5621
    493.80    1.5613
    493.90    1.5606
    494.00    1.5598
    494.10    1.5590
    494.20    1.5582
    494.30    1.5575
    494.40    1.5567
    494.50    1.5559
    494.60    1.5551
    494.70    1.5543
    494.80    1.5536
    494.90    1.5529
    495.00    1.5522
    495.10    1.5515
    495.20    1.5509
    495.30    1.5503
    495.40    1.5497
    495.50    1.5491
    495.60    1.5485
    495.70    1.5480
    495.80    1.5474
    495.90    1.5468
    496.00    1.5462
    496.10    1.5455
    496.20    1.5449
    496.30    1.5442
    496.40    1.5435
    496.50    1.5428
    496.60    1.5422
    496.70    1.5415
    496.80    1.5408
    496.90    1.5402
    497.00    1.5395
    497.10    1.5389
    497.20    1.5383
    497.30    1.5378
    497.40    1.5372
    497.50    1.5367
    497.60    1.5362
    497.70    1.5358
    497.80    1.5353
    497.90    1.5349
    498.00    1.5345
    498.10    1.5341
    498.20    1.5337
    498.30    1.5333
    498.40    1.5330
    498.50    1.5327
    498.60    1.5324
    498.70    1.5322
    498.80    1.5320
    498.90    1.5318
    499.00    1.5317
    499.10    1.5316
    499.20    1.5315
    499.30    1.5315
    499.40    1.5315
    499.50    1.5315
    499.60    1.5315
    499.70    1.5316
    499.80    1.5317
    499.90    1.5318
    500.00    1.5319
    500.10    1.5320
    500.20    1.5321
    500.30    1.5322
    500.40    1.5324
    500.50    1.5326
    500.60    1.5328
    500.70    1.5331
    500.80    1.5334
    500.90    1.5338
    501.00    1.5342
    501.10    1.5347
    501.20    1.5353
    501.30    1.5360
    501.40    1.5366
    501.50    1.5374
    501.60    1.5381
    501.70    1.5389
    501.80    1.5397
    501.90    1.5405
    502.00    1.5413
    502.10    1.5421
    502.20    1.5429
    502.30    1.5438
    502.40    1.5446
    502.50    1.5454
    502.60    1.5462
    502.70    1.5471
    502.80    1.5480
    502.90    1.5489
    503.00    1.5498
    503.10    1.5508
    503.20    1.5518
    503.30    1.5528
    503.40    1.5538
    503.50    1.5549
    503.60    1.5560
    503.70    1.5571
    503.80    1.5583
    503.90    1.5594
    504.00    1.5606
    504.10    1.5619
    504.20    1.5631
    504.30    1.5644
    504.40    1.5656
    504.50    1.5669
    504.60    1.5682
    504.70    1.5695
    504.80    1.5708
    504.90    1.5720
    505.00    1.5733
    505.10    1.5746
    505.20    1.5758
    505.30    1.5771
    505.40    1.5783
    505.50    1.5796
    505.60    1.5808
    505.70    1.5820
    505.80    1.5833
    505.90    1.5846
    506.00    1.5858
    506.10    1.5871
    506.20    1.5884
    506.30    1.5897
    506.40    1.5911
    506.50    1.5924
    506.60    1.5937
    506.70    1.5951
    506.80    1.5964
    506.90    1.5978
    507.00    1.5991
    507.10    1.6005
    507.20    1.6018
    507.30    1.6032
    507.40    1.6046
    507.50    1.6059
    507.60    1.6073
    507.70    1.6086
    507.80    1.6100
    507.90    1.6113
    508.00    1.6126
    508.10    1.6140
    508.20    1.6153
    508.30    1.6166
    508.40    1.6180
    508.50    1.6193
    508.60    1.6206
    508.70    1.6219
    508.80    1.6232
    508.90    1.6245
    509.00    1.6258
    509.10    1.6271
    509.20    1.6284
    509.30    1.6297
    509.40    1.6309
    509.50    1.6322
    509.60    1.6334
    509.70    1.6346
    509.80    1.6358
    509.90    1.6370
    510.00    1.6381
    510.10    1.6392
    510.20    1.6403
    510.30    1.6413
    510.40    1.6423
    510.50    1.6433
    510.60    1.6442
    510.70    1.6451
    510.80    1.6460
    510.90    1.6468
    511.00    1.6475
    511.10    1.6483
    511.20    1.6490
    511.30    1.6496
    511.40    1.6503
    511.50    1.6509
    511.60    1.6516
    511.70    1.6522
    511.80    1.6528
    511.90    1.6535
    512.00    1.6541
    512.10    1.6548
    512.20    1.6555
    512.30    1.6562
    512.40    1.6570
    512.50    1.6577
    512.60    1.6584
    512.70    1.6591
    512.80    1.6597
    512.90    1.6604
    513.00    1.6610
    513.10    1.6615
    513.20    1.6621
    513.30    1.6625
    513.40    1.6630
    513.50    1.6634
    513.60    1.6638
    513.70    1.6642
    513.80    1.6645
    513.90    1.6649
    514.00    1.6652
    514.10    1.6656
    514.20    1.6659
    514.30    1.6663
    514.40    1.6666
    514.50    1.6670
    514.60    1.6673
    514.70    1.6676
    514.80    1.6680
    514.90    1.6683
    515.00    1.6686
    515.10    1.6689
    515.20    1.6691
    515.30    1.6694
    515.40    1.6697
    515.50    1.6699
    515.60    1.6702
    515.70    1.6704
    515.80    1.6706
    515.90    1.6709
    516.00    1.6711
    516.10    1.6713
    516.20    1.6715
    516.30    1.6717
    516.40    1.6719
    516.50    1.6721
    516.60    1.6723
    516.70    1.6724
    516.80    1.6726
    516.90    1.6728
    517.00    1.6729
    517.10    1.6731
    517.20    1.6733
    517.30    1.6734
    517.40    1.6735
    517.50    1.6737
    517.60    1.6738
    517.70    1.6739
    517.80    1.6741
    517.90    1.6742
    518.00    1.6743
    518.10    1.6744
    518.20    1.6745
    518.30    1.6746
    518.40    1.6747
    518.50    1.6748
    518.60    1.6749
    518.70    1.6750
    518.80    1.6751
    518.90    1.6752
    519.00    1.6753
    519.10    1.6754
    519.20    1.6755
    519.30    1.6756
    519.40    1.6756
    519.50    1.6757
    519.60    1.6758
    519.70    1.6759
    519.80    1.6760
    519.90    1.6760
    520.00    1.6761
    520.10    1.6762
    520.20    1.6763
    520.30    1.6764
    520.40    1.6764
    520.50    1.6765
    520.60    1.6766
    520.70    1.6767
    520.80    1.6767
    520.90    1.6768
    521.00    1.6769
    521.10    1.6769
    521.20    1.6770
    521.30    1.6770
    521.40    1.6771
    521.50    1.6771
    521.60    1.6772
    521.70    1.6773
    521.80    1.6773
    521.90    1.6775
    522.00    1.6776
    522.10    1.6777
    522.20    1.6779
    522.30    1.6781
    522.40    1.6783
    522.50    1.6786
    522.60    1.6788
    522.70    1.6791
    522.80    1.6793
    522.90    1.6796
    523.00    1.6799
    523.10    1.6802
    523.20    1.6805
    523.30    1.6807
    523.40    1.6810
    523.50    1.6813
    523.60    1.6815
    523.70    1.6817
    523.80    1.6820
    523.90    1.6821
    524.00    1.6823
    524.10    1.6824
    524.20    1.6826
    524.30    1.6827
    524.40    1.6828
    524.50    1.6828
    524.60    1.6829
    524.70    1.6830
    524.80    1.6831
    524.90    1.6832
    525.00    1.6833
    525.10    1.6835
    525.20    1.6837
    525.30    1.6839
    525.40    1.6841
    525.50    1.6844
    525.60    1.6847
    525.70    1.6850
    525.80    1.6853
    525.90    1.6857
    526.00    1.6861
    526.10    1.6865
    526.20    1.6870
    526.30    1.6875
    526.40    1.6879
    526.50    1.6884
    526.60    1.6889
    526.70    1.6894
    526.80    1.6898
    526.90    1.6902
    527.00    1.6907
    527.10    1.6910
    527.20    1.6914
    527.30    1.6917
    527.40    1.6920
    527.50    1.6923
    527.60    1.6926
    527.70    1.6929
    527.80    1.6932
    527.90    1.6936
    528.00    1.6940
    528.10    1.6944
    528.20    1.6948
    528.30    1.6953
    528.40    1.6958
    528.50    1.6964
    528.60    1.6969
    528.70    1.6975
    528.80    1.6980
    528.90    1.6986
    529.00    1.6992
    529.10    1.6998
    529.20    1.7003
    529.30    1.7009
    529.40    1.7015
    529.50    1.7020
    529.60    1.7026
    529.70    1.7032
    529.80    1.7037
    529.90    1.7043
    530.00    1.7048
    530.10    1.7054
    530.20    1.7060
    530.30    1.7065
    530.40    1.7071
    530.50    1.7077
    530.60    1.7083
    530.70    1.7089
    530.80    1.7096
    530.90    1.7102
    531.00    1.7109
    531.10    1.7116
    531.20    1.7124
    531.30    1.7132
    531.40    1.7140
    531.50    1.7148
    531.60    1.7156
    531.70    1.7164
    531.80    1.7172
    531.90    1.7181
    532.00    1.7189
    532.10    1.7198
    532.20    1.7206
    532.30    1.7215
    532.40    1.7223
    532.50    1.7231
    532.60    1.7239
    532.70    1.7248
    532.80    1.7256
    532.90    1.7264
    533.00    1.7272
    533.10    1.7280
    533.20    1.7289
    533.30    1.7297
    533.40    1.7305
    533.50    1.7313
    533.60    1.7322
    533.70    1.7330
    533.80    1.7339
    533.90    1.7348
    534.00    1.7357
    534.10    1.7367
    534.20    1.7377
    534.30    1.7386
    534.40    1.7397
    534.50    1.7407
    534.60    1.7417
    534.70    1.7428
    534.80    1.7438
    534.90    1.7448
    535.00    1.7458
    535.10    1.7468
    535.20    1.7478
    535.30    1.7488
    535.40    1.7498
    535.50    1.7508
    535.60    1.7518
    535.70    1.7528
    535.80    1.7538
    535.90    1.7549
    536.00    1.7560
    536.10    1.7571
    536.20    1.7582
    536.30    1.7593
    536.40    1.7605
    536.50    1.7617
    536.60    1.7628
    536.70    1.7640
    536.80    1.7652
    536.90    1.7664
    537.00    1.7675
    537.10    1.7687
    537.20    1.7698
    537.30    1.7709
    537.40    1.7720
    537.50    1.7731
    537.60    1.7742
    537.70    1.7754
    537.80    1.7765
    537.90    1.7777
    538.00    1.7788
    538.10    1.7801
    538.20    1.7813
    538.30    1.7825
    538.40    1.7838
    538.50    1.7850
    538.60    1.7863
    538.70    1.7876
    538.80    1.7889
    538.90    1.7901
    539.00    1.7914
    539.10    1.7927
    539.20    1.7939
    539.30    1.7951
    539.40    1.7963
    539.50    1.7976
    539.60    1.7988
    539.70    1.8000
    539.80    1.8012
    539.90    1.8023
    540.00    1.8035
    540.10    1.8047
    540.20    1.8059
    540.30    1.8071
    540.40    1.8082
    540.50    1.8094
    540.60    1.8106
    540.70    1.8117
    540.80    1.8129
    540.90    1.8140
    541.00    1.8151
    541.10    1.8162
    541.20    1.8173
    541.30    1.8184
    541.40    1.8195
    541.50    1.8206
    541.60    1.8216
    541.70    1.8227
    541.80    1.8238
    541.90    1.8250
    542.00    1.8261
    542.10    1.8273
    542.20    1.8284
    542.30    1.8296
    542.40    1.8308
