   1115.00    8.3405
   1115.10    8.3405
   1115.20    8.3404
   1115.30    8.3404
   1115.40    8.3404
   1115.50    8.3404
   1115.60    8.3404
   1115.70    8.3404
   1115.80    8.3404
   1115.90    8.3405
   1116.00    8.3407
   1116.10    8.3409
   1116.20    8.3411
   1116.30    8.3414
   1116.40    8.3417
   1116.50    8.3420
   1116.60    8.3423
   1116.70    8.3426
   1116.80    8.3428
   1116.90    8.3430
   1117.00    8.3432
   1117.10    8.3432
   1117.20    8.3433
   1117.30    8.3432
   1117.40    8.3432
   1117.50    8.3430
   1117.60    8.3429
   1117.70    8.3428
   1117.80    8.3426
   1117.90    8.3424
   1118.00    8.3423
   1118.10    8.3421
   1118.20    8.3420
   1118.30    8.3419
   1118.40    8.3417
   1118.50    8.3416
   1118.60    8.3415
   1118.70    8.3413
   1118.80    8.3412
   1118.90    8.3410
   1119.00    8.3408
   1119.10    8.3405
   1119.20    8.3403
   1119.30    8.3400
   1119.40    8.3398
   1119.50    8.3395
   1119.60    8.3393
   1119.70    8.3391
   1119.80    8.3389
   1119.90    8.3388
   1120.00    8.3387
   1120.10    8.3386
   1120.20    8.3386
   1120.30    8.3387
   1120.40    8.3387
   1120.50    8.3388
   1120.60    8.3388
   1120.70    8.3389
   1120.80    8.3389
   1120.90    8.3388
   1121.00    8.3387
   1121.10    8.3386
   1121.20    8.3383
   1121.30    8.3381
   1121.40    8.3377
   1121.50    8.3374
   1121.60    8.3370
   1121.70    8.3366
   1121.80    8.3362
   1121.90    8.3358
   1122.00    8.3354
   1122.10    8.3350
   1122.20    8.3346
   1122.30    8.3342
   1122.40    8.3338
   1122.50    8.3335
   1122.60    8.3331
   1122.70    8.3327
   1122.80    8.3323
   1122.90    8.3318
   1123.00    8.3314
   1123.10    8.3309
   1123.20    8.3304
   1123.30    8.3299
   1123.40    8.3294
   1123.50    8.3289
   1123.60    8.3285
   1123.70    8.3280
   1123.80    8.3276
   1123.90    8.3272
   1124.00    8.3269
   1124.10    8.3266
   1124.20    8.3263
   1124.30    8.3261
   1124.40    8.3260
   1124.50    8.3258
   1124.60    8.3256
   1124.70    8.3254
   1124.80    8.3252
   1124.90    8.3249
   1125.00    8.3246
   1125.10    8.3242
   1125.20    8.3237
   1125.30    8.3232
   1125.40    8.3226
   1125.50    8.3221
   1125.60    8.3215
   1125.70    8.3208
   1125.80    8.3202
   1125.90    8.3195
   1126.00    8.3189
   1126.10    8.3183
   1126.20    8.3177
   1126.30    8.3171
   1126.40    8.3165
   1126.50    8.3159
   1126.60    8.3153
   1126.70    8.3147
   1126.80    8.3140
   1126.90    8.3134
   1127.00    8.3127
   1127.10    8.3121
   1127.20    8.3113
   1127.30    8.3106
   1127.40    8.3099
   1127.50    8.3092
   1127.60    8.3085
   1127.70    8.3078
   1127.80    8.3072
   1127.90    8.3066
   1128.00    8.3061
   1128.10    8.3056
   1128.20    8.3051
   1128.30    8.3047
   1128.40    8.3043
   1128.50    8.3039
   1128.60    8.3035
   1128.70    8.3031
   1128.80    8.3027
   1128.90    8.3022
   1129.00    8.3017
   1129.10    8.3011
   1129.20    8.3005
   1129.30    8.2998
   1129.40    8.2991
   1129.50    8.2983
   1129.60    8.2975
   1129.70    8.2967
   1129.80    8.2958
   1129.90    8.2950
   1130.00    8.2941
   1130.10    8.2932
   1130.20    8.2923
   1130.30    8.2915
   1130.40    8.2906
   1130.50    8.2898
   1130.60    8.2889
   1130.70    8.2881
   1130.80    8.2874
   1130.90    8.2867
   1131.00    8.2860
   1131.10    8.2854
   1131.20    8.2848
   1131.30    8.2843
   1131.40    8.2837
   1131.50    8.2832
   1131.60    8.2827
   1131.70    8.2821
   1131.80    8.2815
   1131.90    8.2809
   1132.00    8.2803
   1132.10    8.2795
   1132.20    8.2787
   1132.30    8.2779
   1132.40    8.2770
   1132.50    8.2761
   1132.60    8.2752
   1132.70    8.2742
   1132.80    8.2732
   1132.90    8.2722
   1133.00    8.2712
   1133.10    8.2702
   1133.20    8.2691
   1133.30    8.2681
   1133.40    8.2671
   1133.50    8.2661
   1133.60    8.2652
   1133.70    8.2642
   1133.80    8.2633
   1133.90    8.2624
   1134.00    8.2616
   1134.10    8.2608
   1134.20    8.2601
   1134.30    8.2594
   1134.40    8.2587
   1134.50    8.2580
   1134.60    8.2573
   1134.70    8.2566
   1134.80    8.2559
   1134.90    8.2551
   1135.00    8.2542
   1135.10    8.2534
   1135.20    8.2524
   1135.30    8.2514
   1135.40    8.2504
   1135.50    8.2493
   1135.60    8.2482
   1135.70    8.2471
   1135.80    8.2459
   1135.90    8.2447
   1136.00    8.2435
   1136.10    8.2423
   1136.20    8.2411
   1136.30    8.2399
   1136.40    8.2387
   1136.50    8.2375
   1136.60    8.2364
   1136.70    8.2353
   1136.80    8.2342
   1136.90    8.2331
   1137.00    8.2322
   1137.10    8.2312
   1137.20    8.2303
   1137.30    8.2294
   1137.40    8.2286
   1137.50    8.2277
   1137.60    8.2268
   1137.70    8.2259
   1137.80    8.2250
   1137.90    8.2240
   1138.00    8.2229
   1138.10    8.2218
   1138.20    8.2206
   1138.30    8.2193
   1138.40    8.2180
   1138.50    8.2167
   1138.60    8.2153
   1138.70    8.2140
   1138.80    8.2127
   1138.90    8.2114
   1139.00    8.2102
   1139.10    8.2091
   1139.20    8.2080
   1139.30    8.2069
   1139.40    8.2059
   1139.50    8.2049
   1139.60    8.2039
   1139.70    8.2029
   1139.80    8.2018
   1139.90    8.2007
   1140.00    8.1996
   1140.10    8.1984
   1140.20    8.1971
   1140.30    8.1958
   1140.40    8.1944
   1140.50    8.1930
   1140.60    8.1916
   1140.70    8.1901
   1140.80    8.1886
   1140.90    8.1870
   1141.00    8.1855
   1141.10    8.1839
   1141.20    8.1824
   1141.30    8.1808
   1141.40    8.1793
   1141.50    8.1778
   1141.60    8.1763
   1141.70    8.1748
   1141.80    8.1734
   1141.90    8.1720
   1142.00    8.1706
   1142.10    8.1693
   1142.20    8.1681
   1142.30    8.1668
   1142.40    8.1656
   1142.50    8.1644
   1142.60    8.1632
   1142.70    8.1619
   1142.80    8.1606
   1142.90    8.1592
   1143.00    8.1578
   1143.10    8.1563
   1143.20    8.1547
   1143.30    8.1531
   1143.40    8.1514
   1143.50    8.1497
   1143.60    8.1480
   1143.70    8.1464
   1143.80    8.1447
   1143.90    8.1431
   1144.00    8.1415
   1144.10    8.1400
   1144.20    8.1385
   1144.30    8.1371
   1144.40    8.1357
   1144.50    8.1344
   1144.60    8.1330
   1144.70    8.1316
   1144.80    8.1302
   1144.90    8.1287
   1145.00    8.1272
   1145.10    8.1257
   1145.20    8.1240
   1145.30    8.1223
   1145.40    8.1206
   1145.50    8.1188
   1145.60    8.1170
   1145.70    8.1152
   1145.80    8.1133
   1145.90    8.1114
   1146.00    8.1095
   1146.10    8.1076
   1146.20    8.1057
   1146.30    8.1038
   1146.40    8.1019
   1146.50    8.1000
   1146.60    8.0982
   1146.70    8.0963
   1146.80    8.0945
   1146.90    8.0928
   1147.00    8.0911
   1147.10    8.0894
   1147.20    8.0878
   1147.30    8.0862
   1147.40    8.0847
   1147.50    8.0831
   1147.60    8.0815
   1147.70    8.0799
   1147.80    8.0782
   1147.90    8.0765
   1148.00    8.0747
   1148.10    8.0729
   1148.20    8.0709
   1148.30    8.0689
   1148.40    8.0669
   1148.50    8.0649
   1148.60    8.0628
   1148.70    8.0608
   1148.80    8.0588
   1148.90    8.0568
   1149.00    8.0549
   1149.10    8.0531
   1149.20    8.0513
   1149.30    8.0495
   1149.40    8.0478
   1149.50    8.0461
   1149.60    8.0444
   1149.70    8.0426
   1149.80    8.0409
   1149.90    8.0390
   1150.00    8.0372
   1150.10    8.0352
   1150.20    8.0331
   1150.30    8.0310
   1150.40    8.0289
   1150.50    8.0268
   1150.60    8.0246
   1150.70    8.0224
   1150.80    8.0202
   1150.90    8.0181
   1151.00    8.0160
   1151.10    8.0139
   1151.20    8.0119
   1151.30    8.0099
   1151.40    8.0080
   1151.50    8.0061
   1151.60    8.0042
   1151.70    8.0024
   1151.80    8.0005
   1151.90    7.9986
   1152.00    7.9968
   1152.10    7.9949
   1152.20    7.9930
   1152.30    7.9911
   1152.40    7.9892
   1152.50    7.9873
   1152.60    7.9853
   1152.70    7.9832
   1152.80    7.9811
   1152.90    7.9790
   1153.00    7.9768
   1153.10    7.9745
   1153.20    7.9722
   1153.30    7.9699
   1153.40    7.9675
   1153.50    7.9651
   1153.60    7.9627
   1153.70    7.9603
   1153.80    7.9579
   1153.90    7.9556
   1154.00    7.9533
   1154.10    7.9511
   1154.20    7.9490
   1154.30    7.9468
   1154.40    7.9447
   1154.50    7.9426
   1154.60    7.9405
   1154.70    7.9384
   1154.80    7.9362
   1154.90    7.9340
   1155.00    7.9317
   1155.10    7.9293
   1155.20    7.9269
   1155.30    7.9244
   1155.40    7.9219
   1155.50    7.9193
   1155.60    7.9168
   1155.70    7.9142
   1155.80    7.9116
   1155.90    7.9091
   1156.00    7.9065
   1156.10    7.9041
   1156.20    7.9017
   1156.30    7.8993
   1156.40    7.8969
   1156.50    7.8946
   1156.60    7.8923
   1156.70    7.8900
   1156.80    7.8877
   1156.90    7.8854
   1157.00    7.8832
   1157.10    7.8809
   1157.20    7.8785
   1157.30    7.8762
   1157.40    7.8739
   1157.50    7.8715
   1157.60    7.8690
   1157.70    7.8666
   1157.80    7.8640
   1157.90    7.8615
   1158.00    7.8588
   1158.10    7.8562
   1158.20    7.8534
   1158.30    7.8506
   1158.40    7.8478
   1158.50    7.8450
   1158.60    7.8422
   1158.70    7.8393
   1158.80    7.8365
   1158.90    7.8337
   1159.00    7.8309
   1159.10    7.8282
   1159.20    7.8255
   1159.30    7.8228
   1159.40    7.8202
   1159.50    7.8176
   1159.60    7.8150
   1159.70    7.8124
   1159.80    7.8098
   1159.90    7.8072
   1160.00    7.8046
   1160.10    7.8021
   1160.20    7.7995
   1160.30    7.7968
   1160.40    7.7942
   1160.50    7.7915
   1160.60    7.7888
   1160.70    7.7860
   1160.80    7.7832
   1160.90    7.7803
   1161.00    7.7774
   1161.10    7.7744
   1161.20    7.7713
   1161.30    7.7682
   1161.40    7.7651
   1161.50    7.7619
   1161.60    7.7588
   1161.70    7.7557
   1161.80    7.7526
   1161.90    7.7495
   1162.00    7.7465
   1162.10    7.7436
   1162.20    7.7408
   1162.30    7.7379
   1162.40    7.7351
   1162.50    7.7323
   1162.60    7.7295
   1162.70    7.7266
   1162.80    7.7236
   1162.90    7.7206
   1163.00    7.7174
   1163.10    7.7141
   1163.20    7.7108
   1163.30    7.7073
   1163.40    7.7037
   1163.50    7.7002
   1163.60    7.6965
   1163.70    7.6929
   1163.80    7.6893
   1163.90    7.6858
   1164.00    7.6822
   1164.10    7.6788
   1164.20    7.6754
   1164.30    7.6721
   1164.40    7.6688
   1164.50    7.6655
   1164.60    7.6623
   1164.70    7.6590
   1164.80    7.6557
   1164.90    7.6523
   1165.00    7.6489
   1165.10    7.6455
   1165.20    7.6419
   1165.30    7.6384
   1165.40    7.6347
   1165.50    7.6311
   1165.60    7.6274
   1165.70    7.6236
   1165.80    7.6199
   1165.90    7.6161
   1166.00    7.6123
   1166.10    7.6085
   1166.20    0.4424
   1166.30    0.4417
   1166.40    0.4410
   1166.50    0.4403
   1166.60    0.4397
   1166.70    0.4391
   1166.80    0.4384
   1166.90    0.4379
   1167.00    0.4373
   1167.10    0.4368
   1167.20    0.4364
   1167.30    0.4359
   1167.40    0.4355
   1167.50    0.4351
   1167.60    0.4347
   1167.70    0.4343
   1167.80    0.4338
   1167.90    0.4334
   1168.00    0.4329
   1168.10    0.4323
   1168.20    0.4318
   1168.30    0.4312
   1168.40    0.4306
   1168.50    0.4299
   1168.60    0.4292
   1168.70    0.4286
   1168.80    0.4279
   1168.90    0.4272
   1169.00    0.4265
   1169.10    0.4257
   1169.20    0.4250
   1169.30    0.4244
   1169.40    0.4237
   1169.50    0.4230
   1169.60    0.4224
   1169.70    0.4217
   1169.80    0.4211
   1169.90    0.4206
   1170.00    0.4201
   1170.10    0.4196
   1170.20    0.4191
   1170.30    0.4187
   1170.40    0.4183
   1170.50    0.4178
   1170.60    0.4174
   1170.70    0.4170
   1170.80    0.4166
   1170.90    0.4161
   1171.00    0.4156
   1171.10    0.4151
   1171.20    0.4145
   1171.30    7.4144
   1171.40    7.4104
   1171.50    7.4064
   1171.60    7.4024
   1171.70    7.3984
   1171.80    7.3944
   1171.90    7.3905
   1172.00    7.3866
   1172.10    7.3828
   1172.20    7.3790
   1172.30    7.3753
   1172.40    7.3716
   1172.50    7.3679
   1172.60    7.3643
   1172.70    7.3606
   1172.80    7.3568
   1172.90    7.3530
   1173.00    7.3492
   1173.10    7.3453
   1173.20    7.3413
   1173.30    7.3373
   1173.40    7.3332
   1173.50    7.3291
   1173.60    7.3250
   1173.70    7.3210
   1173.80    7.3169
   1173.90    7.3129
   1174.00    7.3090
   1174.10    7.3051
   1174.20    7.3013
   1174.30    7.2975
   1174.40    7.2937
   1174.50    7.2900
   1174.60    7.2862
   1174.70    7.2825
   1174.80    7.2787
   1174.90    7.2748
   1175.00    7.2709
   1175.10    7.2670
   1175.20    7.2629
   1175.30    7.2588
   1175.40    7.2547
   1175.50    7.2506
   1175.60    7.2464
   1175.70    7.2423
   1175.80    7.2382
   1175.90    7.2341
   1176.00    7.2301
   1176.10    7.2262
   1176.20    7.2223
   1176.30    7.2185
   1176.40    7.2147
   1176.50    7.2109
   1176.60    7.2071
   1176.70    7.2033
   1176.80    7.1994
   1176.90    7.1955
   1177.00    7.1916
   1177.10    7.1876
   1177.20    7.1835
   1177.30    7.1793
   1177.40    7.1752
   1177.50    7.1710
   1177.60    7.1668
   1177.70    7.1626
   1177.80    7.1585
   1177.90    7.1544
   1178.00    7.1503
   1178.10    7.1463
   1178.20    7.1424
   1178.30    7.1385
   1178.40    7.1347
   1178.50    7.1308
   1178.60    7.1270
   1178.70    7.1231
   1178.80    7.1192
   1178.90    7.1153
   1179.00    7.1113
   1179.10    7.1073
   1179.20    7.1031
   1179.30    7.0990
   1179.40    7.0948
   1179.50    7.0905
   1179.60    7.0863
   1179.70    7.0821
   1179.80    7.0779
   1179.90    7.0738
   1180.00    7.0697
   1180.10    7.0657
   1180.20    7.0617
   1180.30    7.0578
   1180.40    7.0539
   1180.50    7.0500
   1180.60    7.0461
   1180.70    7.0422
   1180.80    7.0383
   1180.90    7.0344
   1181.00    7.0304
   1181.10    7.0263
   1181.20    7.0222
   1181.30    7.0181
   1181.40    7.0139
   1181.50    7.0097
   1181.60    7.0055
   1181.70    7.0012
   1181.80    6.9970
   1181.90    6.9927
   1182.00    0.3563
   1182.10    0.3557
   1182.20    0.3552
   1182.30    0.3547
   1182.40    0.3543
   1182.50    0.3538
   1182.60    0.3534
   1182.70    0.3530
   1182.80    0.3526
   1182.90    0.3523
   1183.00    0.3519
   1183.10    0.3515
   1183.20    0.3511
   1183.30    0.3507
   1183.40    0.3503
   1183.50    0.3499
   1183.60    0.3495
   1183.70    0.3490
   1183.80    0.3485
   1183.90    0.3480
   1184.00    0.3475
   1184.10    0.3469
   1184.20    0.3464
   1184.30    0.3458
   1184.40    0.3451
   1184.50    0.3445
   1184.60    0.3439
   1184.70    0.3433
   1184.80    0.3427
   1184.90    0.3421
   1185.00    0.3415
   1185.10    0.3410
   1185.20    0.3405
   1185.30    0.3401
   1185.40    0.3396
   1185.50    0.3392
   1185.60    0.3388
   1185.70    0.3384
   1185.80    0.3380
   1185.90    0.3376
   1186.00    0.3372
   1186.10    0.3368
   1186.20    0.3364
   1186.30    0.3360
   1186.40    0.3355
   1186.50    0.3351
   1186.60    0.3347
   1186.70    0.3342
   1186.80    0.3338
   1186.90    0.3333
   1187.00    0.3329
   1187.10    6.7769
   1187.20    6.7728
   1187.30    6.7686
   1187.40    6.7644
   1187.50    6.7603
   1187.60    6.7561
   1187.70    6.7519
   1187.80    6.7477
   1187.90    6.7435
   1188.00    6.7393
   1188.10    6.7351
   1188.20    6.7308
   1188.30    6.7266
   1188.40    6.7224
   1188.50    6.7182
   1188.60    6.7140
   1188.70    6.7099
   1188.80    6.7057
   1188.90    6.7016
   1189.00    6.6976
   1189.10    6.6936
   1189.20    6.6897
   1189.30    6.6857
   1189.40    6.6819
   1189.50    6.6780
   1189.60    6.6741
   1189.70    6.6702
   1189.80    6.6663
   1189.90    6.6623
   1190.00    6.6584
   1190.10    6.6543
   1190.20    6.6503
   1190.30    6.6462
   1190.40    6.6420
   1190.50    6.6379
   1190.60    6.6337
   1190.70    6.6295
   1190.80    6.6253
   1190.90    6.6212
   1191.00    6.6170
   1191.10    6.6128
   1191.20    6.6087
   1191.30    6.6046
   1191.40    6.6005
   1191.50    6.5964
   1191.60    6.5923
   1191.70    6.5882
   1191.80    6.5841
   1191.90    6.5799
   1192.00    6.5758
   1192.10    6.5717
   1192.20    6.5675
   1192.30    6.5634
   1192.40    6.5592
   1192.50    6.5551
   1192.60    6.5510
   1192.70    6.5469
   1192.80    6.5428
   1192.90    6.5388
   1193.00    6.5348
   1193.10    6.5309
   1193.20    6.5270
   1193.30    6.5231
   1193.40    6.5193
   1193.50    6.5155
   1193.60    6.5117
   1193.70    6.5079
   1193.80    6.5040
   1193.90    6.5001
   1194.00    6.4962
   1194.10    6.4923
   1194.20    6.4883
   1194.30    6.4842
   1194.40    6.4802
   1194.50    6.4761
   1194.60    6.4720
   1194.70    6.4679
   1194.80    6.4638
   1194.90    6.4597
   1195.00    6.4556
   1195.10    6.4515
   1195.20    6.4475
   1195.30    6.4434
   1195.40    6.4394
   1195.50    6.4353
   1195.60    6.4313
   1195.70    6.4273
   1195.80    6.4232
   1195.90    6.4192
   1196.00    6.4151
   1196.10    6.4111
   1196.20    6.4070
   1196.30    6.4029
   1196.40    6.3988
   1196.50    6.3948
   1196.60    6.3907
   1196.70    6.3867
   1196.80    6.3827
   1196.90    6.3788
   1197.00    6.3749
   1197.10    6.3710
   1197.20    6.3672
   1197.30    6.3634
   1197.40    6.3596
   1197.50    6.3559
   1197.60    6.3521
   1197.70    6.3484
   1197.80    6.3446
   1197.90    6.3408
   1198.00    6.3370
   1198.10    6.3331
   1198.20    6.3292
   1198.30    6.3252
   1198.40    6.3213
   1198.50    6.3173
   1198.60    6.3132
   1198.70    6.3092
   1198.80    6.3052
   1198.90    6.3011
   1199.00    6.2971
   1199.10    6.2930
   1199.20    6.2890
   1199.30    6.2849
   1199.40    6.2809
   1199.50    6.2769
   1199.60    6.2729
   1199.70    6.2690
   1199.80    6.2650
   1199.90    6.2612
   1200.00    6.2573
   1200.10    6.2535
   1200.20    6.2498
   1200.30    6.2460
   1200.40    6.2423
   1200.50    6.2386
   1200.60    6.2349
   1200.70    6.2312
   1200.80    6.2275
   1200.90    6.2237
   1201.00    6.2200
   1201.10    6.2161
   1201.20    6.2122
   1201.30    6.2083
   1201.40    6.2044
   1201.50    6.2005
   1201.60    6.1965
   1201.70    6.1925
   1201.80    6.1885
   1201.90    6.1846
   1202.00    6.1806
   1202.10    6.1767
   1202.20    6.1728
   1202.30    6.1688
   1202.40    6.1649
   1202.50    6.1611
   1202.60    6.1572
   1202.70    6.1533
   1202.80    6.1494
   1202.90    6.1455
   1203.00    6.1415
   1203.10    6.1376
   1203.20    6.1337
   1203.30    6.1298
   1203.40    6.1258
   1203.50    6.1219
   1203.60    6.1180
   1203.70    6.1141
   1203.80    6.1103
   1203.90    6.1065
   1204.00    6.1027
   1204.10    6.0990
   1204.20    6.0954
   1204.30    6.0917
   1204.40    6.0881
   1204.50    6.0845
   1204.60    6.0809
   1204.70    6.0773
   1204.80    6.0737
   1204.90    6.0700
   1205.00    6.0663
   1205.10    6.0626
   1205.20    6.0589
   1205.30    6.0551
   1205.40    6.0513
   1205.50    6.0475
   1205.60    6.0436
   1205.70    6.0398
   1205.80    6.0359
   1205.90    6.0320
   1206.00    6.0282
   1206.10    6.0243
   1206.20    6.0204
   1206.30    6.0166
   1206.40    6.0128
   1206.50    6.0089
   1206.60    6.0052
   1206.70    6.0014
   1206.80    5.9977
   1206.90    5.9940
   1207.00    5.9903
   1207.10    5.9867
   1207.20    5.9832
   1207.30    5.9796
   1207.40    5.9761
   1207.50    5.9726
   1207.60    5.9691
   1207.70    5.9656
   1207.80    5.9621
   1207.90    5.9585
   1208.00    5.9550
   1208.10    5.9514
   1208.20    5.9477
   1208.30    5.9441
   1208.40    5.9404
   1208.50    5.9367
   1208.60    5.9329
   1208.70    5.9292
   1208.80    5.9254
   1208.90    5.9217
   1209.00    5.9179
   1209.10    5.9142
   1209.20    5.9104
   1209.30    5.9067
   1209.40    5.9030
   1209.50    5.8993
   1209.60    5.8956
   1209.70    5.8920
   1209.80    5.8884
   1209.90    5.8849
   1210.00    0.2427
   1210.10    0.2424
   1210.20    0.2421
   1210.30    0.2417
   1210.40    0.2413
   1210.50    0.2410
   1210.60    0.2406
   1210.70    0.2401
   1210.80    0.2397
   1210.90    0.2393
   1211.00    0.2388
   1211.10    0.2384
   1211.20    0.2380
   1211.30    0.2375
   1211.40    0.2371
   1211.50    0.2367
   1211.60    0.2363
   1211.70    0.2359
   1211.80    0.2356
   1211.90    0.2352
   1212.00    0.2350
   1212.10    0.2347
   1212.20    0.2345
   1212.30    0.2342
   1212.40    0.2340
   1212.50    0.2338
   1212.60    0.2336
   1212.70    0.2334
   1212.80    0.2332
   1212.90    0.2330
   1213.00    0.2327
   1213.10    0.2324
   1213.20    0.2321
   1213.30    0.2318
   1213.40    0.2314
   1213.50    0.2310
   1213.60    0.2306
   1213.70    0.2302
   1213.80    0.2297
   1213.90    0.2293
   1214.00    0.2289
   1214.10    0.2284
   1214.20    0.2280
   1214.30    0.2276
   1214.40    0.2272
   1214.50    0.2268
   1214.60    0.2264
   1214.70    0.2260
   1214.80    0.2257
   1214.90    0.2254
   1215.00    0.2251
   1215.10    0.2249
   1215.20    0.2247
   1215.30    0.2245
   1215.40    0.2243
   1215.50    0.2241
   1215.60    0.2239
   1215.70    0.2237
   1215.80    0.2235
   1215.90    0.2232
   1216.00    0.2229
   1216.10    0.2226
   1216.20    0.2222
   1216.30    0.2218
   1216.40    0.2214
   1216.50    0.2210
   1216.60    0.2206
   1216.70    0.2202
   1216.80    0.2198
   1216.90    0.2195
   1217.00    0.2191
   1217.10    0.2189
   1217.20    0.2186
   1217.30    0.2184
   1217.40    0.2183
   1217.50    0.2181
   1217.60    0.2179
   1217.70    0.2178
   1217.80    0.2176
   1217.90    0.2173
   1218.00    0.2171
   1218.10    0.2167
   1218.20    0.2164
   1218.30    0.2160
   1218.40    0.2156
   1218.50    0.2152
   1218.60    0.2148
   1218.70    0.2144
   1218.80    0.2140
   1218.90    0.2136
   1219.00    0.2133
   1219.10    0.2130
   1219.20    0.2128
   1219.30    0.2126
   1219.40    0.2124
   1219.50    0.2122
   1219.60    0.2120
   1219.70    0.2119
   1219.80    0.2117
   1219.90    0.2114
   1220.00    0.2112
   1220.10    0.2109
   1220.20    0.2105
   1220.30    0.2101
   1220.40    0.2097
   1220.50    0.2093
   1220.60    0.2089
   1220.70    0.2085
   1220.80    0.2082
   1220.90    0.2078
   1221.00    0.2075
   1221.10    0.2072
   1221.20    0.2070
   1221.30    0.2068
   1221.40    0.2066
   1221.50    0.2065
   1221.60    0.2063
   1221.70    0.2061
   1221.80    0.2059
   1221.90    0.2057
   1222.00    0.2054
   1222.10    0.2051
   1222.20    0.2047
   1222.30    0.2044
   1222.40    0.2040
   1222.50    0.2036
   1222.60    0.2031
   1222.70    0.2027
   1222.80    0.2024
   1222.90    0.2020
   1223.00    0.2017
   1223.10    0.2014
   1223.20    0.2012
   1223.30    0.2010
   1223.40    0.2009
   1223.50    0.2007
   1223.60    0.2005
   1223.70    0.2004
   1223.80    0.2002
   1223.90    0.2000
   1224.00    0.1997
   1224.10    0.1994
   1224.20    0.1991
   1224.30    0.1987
   1224.40    0.1983
   1224.50    0.1979
   1224.60    0.1975
   1224.70    0.1971
   1224.80    0.1967
   1224.90    0.1964
   1225.00    0.1960
   1225.10    0.1957
   1225.20    0.1955
   1225.30    0.1952
   1225.40    0.1950
   1225.50    0.1948
   1225.60    5.3864
   1225.70    5.3836
   1225.80    5.3808
   1225.90    5.3780
   1226.00    5.3753
   1226.10    5.3726
   1226.20    5.3700
   1226.30    5.3673
   1226.40    5.3647
   1226.50    5.3621
   1226.60    5.3595
   1226.70    5.3569
   1226.80    5.3543
   1226.90    5.3517
   1227.00    5.3490
   1227.10    5.3462
   1227.20    5.3434
   1227.30    5.3406
   1227.40    5.3378
   1227.50    5.3350
   1227.60    5.3321
   1227.70    5.3293
   1227.80    5.3265
   1227.90    5.3238
   1228.00    5.3211
   1228.10    5.3184
   1228.20    5.3158
   1228.30    5.3132
   1228.40    5.3107
   1228.50    5.3081
   1228.60    5.3056
   1228.70    5.3031
   1228.80    5.3005
   1228.90    5.2980
   1229.00    5.2954
   1229.10    5.2927
   1229.20    5.2901
   1229.30    5.2874
   1229.40    5.2847
   1229.50    5.2819
   1229.60    5.2792
   1229.70    5.2764
   1229.80    5.2736
   1229.90    5.2709
   1230.00    5.2681
   1230.10    5.2653
   1230.20    5.2625
   1230.30    5.2598
   1230.40    5.2570
   1230.50    5.2543
   1230.60    5.2516
   1230.70    5.2489
   1230.80    5.2463
   1230.90    5.2437
   1231.00    5.2411
   1231.10    5.2385
   1231.20    5.2360
   1231.30    5.2335
   1231.40    5.2311
   1231.50    5.2286
   1231.60    5.2261
   1231.70    5.2237
   1231.80    5.2212
   1231.90    5.2187
   1232.00    5.2162
   1232.10    5.2136
   1232.20    5.2110
   1232.30    5.2084
   1232.40    5.2058
   1232.50    5.2032
   1232.60    5.2005
   1232.70    5.1978
   1232.80    5.1951
   1232.90    5.1924
   1233.00    5.1897
   1233.10    5.1870
   1233.20    5.1844
   1233.30    5.1817
   1233.40    5.1790
   1233.50    5.1764
   1233.60    5.1738
   1233.70    5.1712
   1233.80    5.1686
   1233.90    5.1661
   1234.00    5.1636
   1234.10    5.1612
   1234.20    5.1588
   1234.30    5.1564
   1234.40    5.1540
   1234.50    5.1517
   1234.60    5.1493
   1234.70    5.1469
   1234.80    5.1445
   1234.90    5.1421
   1235.00    5.1396
   1235.10    5.1371
   1235.20    5.1346
   1235.30    5.1320
   1235.40    5.1295
   1235.50    5.1269
   1235.60    5.1243
   1235.70    5.1217
   1235.80    5.1192
   1235.90    5.1167
   1236.00    5.1142
   1236.10    5.1118
   1236.20    5.1094
   1236.30    5.1071
   1236.40    5.1048
   1236.50    5.1025
   1236.60    5.1002
   1236.70    5.0979
   1236.80    5.0956
   1236.90    5.0933
   1237.00    5.0909
   1237.10    5.0886
   1237.20    5.0862
   1237.30    5.0837
   1237.40    5.0813
   1237.50    5.0788
   1237.60    5.0763
   1237.70    5.0738
   1237.80    5.0713
   1237.90    5.0688
   1238.00    5.0662
   1238.10    5.0637
   1238.20    5.0612
   1238.30    5.0587
   1238.40    5.0563
   1238.50    5.0538
   1238.60    5.0514
   1238.70    5.0490
   1238.80    5.0466
   1238.90    5.0443
   1239.00    5.0420
   1239.10    5.0397
   1239.20    5.0375
   1239.30    5.0353
   1239.40    5.0331
   1239.50    5.0309
   1239.60    5.0287
   1239.70    5.0265
   1239.80    5.0243
   1239.90    5.0221
   1240.00    5.0199
   1240.10    5.0176
   1240.20    5.0152
   1240.30    5.0129
   1240.40    5.0105
   1240.50    5.0081
   1240.60    5.0057
   1240.70    5.0034
   1240.80    5.0010
   1240.90    4.9987
   1241.00    4.9964
   1241.10    4.9942
   1241.20    4.9919
   1241.30    4.9898
   1241.40    4.9876
   1241.50    4.9855
   1241.60    4.9834
   1241.70    4.9813
   1241.80    4.9792
   1241.90    4.9772
   1242.00    4.9751
   1242.10    4.9731
   1242.20    4.9710
   1242.30    4.9690
   1242.40    4.9669
   1242.50    4.9649
   1242.60    4.9628
   1242.70    4.9607
   1242.80    4.9585
   1242.90    4.9564
   1243.00    4.9542
   1243.10    4.9520
   1243.20    4.9497
   1243.30    4.9475
   1243.40    4.9452
   1243.50    4.9429
   1243.60    4.9407
   1243.70    4.9384
   1243.80    4.9362
   1243.90    4.9340
   1244.00    4.9319
   1244.10    4.9298
   1244.20    4.9277
   1244.30    4.9257
   1244.40    4.9237
   1244.50    4.9217
   1244.60    4.9197
   1244.70    4.9177
   1244.80    4.9157
   1244.90    4.9136
   1245.00    4.9116
   1245.10    4.9095
   1245.20    4.9073
   1245.30    4.9051
   1245.40    4.9029
   1245.50    4.9007
   1245.60    4.8985
   1245.70    4.8963
   1245.80    4.8941
   1245.90    4.8920
   1246.00    4.8898
   1246.10    4.8877
   1246.20    4.8857
   1246.30    4.8836
   1246.40    4.8816
   1246.50    4.8797
   1246.60    4.8777
   1246.70    4.8758
   1246.80    4.8739
   1246.90    4.8720
   1247.00    4.8701
   1247.10    4.8682
   1247.20    4.8663
   1247.30    4.8643
   1247.40    4.8624
   1247.50    0.1448
   1247.60    0.1447
   1247.70    0.1445
   1247.80    0.1443
   1247.90    0.1441
   1248.00    0.1439
   1248.10    0.1437
   1248.20    0.1436
   1248.30    0.1434
   1248.40    0.1432
   1248.50    0.1430
   1248.60    0.1428
   1248.70    0.1426
   1248.80    0.1425
   1248.90    0.1423
   1249.00    0.1421
   1249.10    0.1419
   1249.20    0.1417
   1249.30    0.1416
   1249.40    0.1414
   1249.50    0.1412
   1249.60    0.1410
   1249.70    0.1409
   1249.80    0.1407
   1249.90    0.1405
   1250.00    0.1403
   1250.10    0.1402
   1250.20    0.1400
   1250.30    0.1398
   1250.40    0.1396
   1250.50    0.1394
   1250.60    0.1392
   1250.70    0.1391
   1250.80    0.1389
   1250.90    0.1387
   1251.00    0.1385
   1251.10    0.1383
   1251.20    0.1382
   1251.30    0.1380
   1251.40    0.1378
   1251.50    0.1376
   1251.60    0.1375
   1251.70    0.1373
   1251.80    0.1371
   1251.90    0.1369
   1252.00    0.1368
   1252.10    0.1366
   1252.20    0.1364
   1252.30    0.1362
   1252.40    0.1361
   1252.50    0.1359
   1252.60    4.7595
   1252.70    4.7576
   1252.80    4.7556
   1252.90    4.7537
   1253.00    4.7517
   1253.10    4.7497
   1253.20    4.7477
   1253.30    4.7456
   1253.40    4.7435
   1253.50    4.7415
   1253.60    4.7394
   1253.70    4.7373
   1253.80    4.7353
   1253.90    4.7333
   1254.00    4.7313
   1254.10    4.7294
   1254.20    4.7276
   1254.30    4.7257
   1254.40    4.7239
   1254.50    4.7221
   1254.60    4.7202
   1254.70    4.7184
   1254.80    4.7166
   1254.90    4.7147
   1255.00    4.7128
   1255.10    4.7108
   1255.20    4.7089
   1255.30    4.7068
   1255.40    4.7048
   1255.50    4.7028
   1255.60    4.7007
   1255.70    4.6987
   1255.80    4.6966
   1255.90    4.6946
   1256.00    4.6927
   1256.10    4.6907
   1256.20    4.6888
   1256.30    4.6869
   1256.40    4.6851
   1256.50    4.6833
   1256.60    4.6815
   1256.70    4.6797
   1256.80    4.6779
   1256.90    4.6761
   1257.00    0.1280
   1257.10    0.1278
   1257.20    0.1276
   1257.30    0.1274
   1257.40    0.1273
   1257.50    0.1271
   1257.60    0.1269
   1257.70    0.1268
   1257.80    0.1266
   1257.90    0.1264
   1258.00    0.1262
   1258.10    0.1261
   1258.20    0.1259
   1258.30    0.1257
   1258.40    0.1255
   1258.50    0.1253
   1258.60    0.1252
   1258.70    0.1250
   1258.80    0.1248
   1258.90    0.1246
   1259.00    0.1245
   1259.10    0.1243
   1259.20    0.1241
   1259.30    0.1240
   1259.40    0.1238
   1259.50    0.1236
   1259.60    0.1234
   1259.70    0.1233
   1259.80    0.1231
   1259.90    0.1229
   1260.00    0.1228
   1260.10    0.1226
   1260.20    0.1224
   1260.30    0.1223
   1260.40    0.1221
   1260.50    0.1219
   1260.60    0.1217
   1260.70    0.1216
   1260.80    0.1214
   1260.90    0.1212
   1261.00    0.1211
   1261.10    0.1209
   1261.20    0.1207
   1261.30    0.1205
   1261.40    0.1204
   1261.50    0.1202
   1261.60    0.1200
   1261.70    0.1198
   1261.80    0.1197
   1261.90    0.1195
   1262.00    0.1193
   1262.10    4.5792
   1262.20    4.5773
   1262.30    4.5755
   1262.40    4.5737
   1262.50    4.5720
   1262.60    4.5702
   1262.70    4.5685
   1262.80    4.5668
   1262.90    4.5650
   1263.00    4.5633
   1263.10    4.5616
   1263.20    4.5599
   1263.30    4.5582
   1263.40    4.5565
   1263.50    4.5547
   1263.60    4.5530
   1263.70    4.5512
   1263.80    4.5494
   1263.90    4.5476
   1264.00    4.5457
   1264.10    4.5438
   1264.20    4.5419
   1264.30    4.5400
   1264.40    4.5381
   1264.50    4.5361
   1264.60    4.5342
   1264.70    4.5322
   1264.80    4.5303
   1264.90    4.5284
   1265.00    4.5265
   1265.10    4.5247
   1265.20    4.5229
   1265.30    4.5211
   1265.40    4.5193
   1265.50    4.5176
   1265.60    4.5159
   1265.70    4.5142
   1265.80    4.5124
   1265.90    4.5108
   1266.00    4.5091
   1266.10    4.5074
   1266.20    4.5057
   1266.30    4.5040
   1266.40    4.5023
   1266.50    4.5006
   1266.60    4.4988
   1266.70    4.4971
   1266.80    4.4953
   1266.90    4.4935
   1267.00    4.4917
   1267.10    4.4898
   1267.20    4.4879
   1267.30    4.4860
   1267.40    4.4841
   1267.50    4.4822
   1267.60    4.4802
   1267.70    4.4783
   1267.80    4.4764
   1267.90    4.4745
   1268.00    4.4727
   1268.10    4.4709
   1268.20    4.4691
   1268.30    4.4673
   1268.40    4.4656
   1268.50    4.4639
   1268.60    4.4622
   1268.70    4.4605
   1268.80    4.4588
   1268.90    4.4571
   1269.00    4.4554
   1269.10    4.4537
   1269.20    4.4520
   1269.30    4.4502
   1269.40    4.4485
   1269.50    4.4468
   1269.60    4.4450
   1269.70    4.4433
   1269.80    4.4416
   1269.90    4.4398
   1270.00    4.4381
   1270.10    4.4364
   1270.20    4.4347
   1270.30    4.4331
   1270.40    4.4314
   1270.50    4.4297
   1270.60    4.4280
   1270.70    4.4262
   1270.80    4.4245
   1270.90    4.4227
   1271.00    4.4209
   1271.10    4.4191
   1271.20    4.4172
   1271.30    4.4153
   1271.40    4.4134
   1271.50    4.4115
   1271.60    4.4096
   1271.70    4.4077
   1271.80    4.4058
   1271.90    4.4040
   1272.00    4.4021
   1272.10    4.4003
   1272.20    4.3986
   1272.30    4.3968
   1272.40    4.3951
   1272.50    4.3934
   1272.60    4.3917
   1272.70    4.3900
   1272.80    4.3883
   1272.90    4.3866
   1273.00    4.3849
   1273.10    4.3832
   1273.20    4.3815
   1273.30    4.3798
   1273.40    4.3781
   1273.50    4.3764
   1273.60    4.3746
   1273.70    4.3729
   1273.80    4.3712
   1273.90    4.3695
   1274.00    4.3678
   1274.10    4.3661
   1274.20    4.3644
   1274.30    4.3627
   1274.40    4.3610
   1274.50    4.3593
   1274.60    4.3576
   1274.70    4.3559
   1274.80    4.3541
   1274.90    4.3523
