    925.00    0.0000
    925.10    0.0000
    925.20    0.0000
    925.30    0.0000
    925.40    0.0000
    925.50    0.0000
    925.60    0.0000
    925.70    0.0000
    925.80    0.0000
    925.90    0.0000
    926.00    0.0000
    926.10    0.0000
    926.20    0.0000
    926.30    0.0000
    926.40    0.0000
    926.50    0.0000
    926.60    0.0000
    926.70    0.0000
    926.80    0.0000
    926.90    0.0000
    927.00    0.0000
    927.10    0.0000
    927.20    0.0000
    927.30    0.0000
    927.40    0.0000
    927.50    0.0000
    927.60    0.0000
    927.70    0.0000
    927.80    0.0000
    927.90    0.0000
    928.00    0.0000
    928.10    0.0000
    928.20    0.0000
    928.30    0.0000
    928.40    0.0000
    928.50    0.0000
    928.60    0.0000
    928.70    0.0000
    928.80    0.0000
    928.90    0.0000
    929.00    0.0000
    929.10    0.0000
    929.20    0.0000
    929.30    0.0000
    929.40    0.0000
    929.50    0.0000
    929.60    0.0000
    929.70    0.0000
    929.80    0.0000
    929.90    0.0000
    930.00    0.0000
    930.10    0.0000
    930.20    0.0000
    930.30    0.0000
    930.40    0.0000
    930.50    0.0000
    930.60    0.0000
    930.70    0.0000
    930.80    0.0000
    930.90    0.0000
    931.00    0.0000
    931.10    0.0000
    931.20    0.0000
    931.30    0.0000
    931.40    0.0000
    931.50    0.0000
    931.60    0.0000
    931.70    0.0000
    931.80    0.0000
    931.90    0.0000
    932.00    0.0000
    932.10    0.0000
    932.20    0.0000
    932.30    0.0000
    932.40    0.0000
    932.50    0.0000
    932.60    0.0000
    932.70    0.0000
    932.80    0.0000
    932.90    0.0000
    933.00    0.0000
    933.10    0.0000
    933.20    0.0000
    933.30    0.0000
    933.40    0.0000
    933.50    0.0000
    933.60    0.0000
    933.70    0.0000
    933.80    0.0000
    933.90    0.0000
    934.00    0.0000
    934.10    0.0000
    934.20    0.0000
    934.30    0.0000
    934.40    0.0000
    934.50    0.0000
    934.60    0.0000
    934.70    0.0000
    934.80    0.0000
    934.90    0.0000
    935.00    0.0000
    935.10    5.2695
    935.20    5.2719
    935.30    5.2742
    935.40    5.2766
    935.50    5.2790
    935.60    5.2814
    935.70    5.2838
    935.80    5.2862
    935.90    5.2886
    936.00    5.2909
    936.10    5.2933
    936.20    5.2955
    936.30    5.2978
    936.40    5.3000
    936.50    5.3022
    936.60    5.3044
    936.70    5.3066
    936.80    5.3088
    936.90    5.3110
    937.00    5.3131
    937.10    5.3153
    937.20    5.3175
    937.30    5.3197
    937.40    5.3219
    937.50    5.3241
    937.60    5.3263
    937.70    5.3286
    937.80    5.3309
    937.90    5.3332
    938.00    5.3356
    938.10    5.3380
    938.20    5.3404
    938.30    5.3428
    938.40    5.3453
    938.50    5.3478
    938.60    5.3503
    938.70    5.3528
    938.80    5.3552
    938.90    5.3577
    939.00    5.3601
    939.10    5.3624
    939.20    5.3648
    939.30    5.3671
    939.40    5.3694
    939.50    5.3717
    939.60    5.3739
    939.70    5.3762
    939.80    5.3784
    939.90    5.3807
    940.00    5.3830
    940.10    5.3852
    940.20    5.3875
    940.30    5.3898
    940.40    5.3921
    940.50    5.3944
    940.60    5.3968
    940.70    5.3991
    940.80    5.4014
    940.90    5.4037
    941.00    5.4061
    941.10    5.4084
    941.20    5.4107
    941.30    5.4130
    941.40    5.4154
    941.50    5.4177
    941.60    5.4200
    941.70    5.4224
    941.80    5.4247
    941.90    5.4270
    942.00    5.4294
    942.10    5.4317
    942.20    5.4341
    942.30    5.4364
    942.40    5.4388
    942.50    5.4411
    942.60    5.4435
    942.70    5.4458
    942.80    5.4482
    942.90    5.4505
    943.00    5.4529
    943.10    5.4552
    943.20    5.4575
    943.30    5.4598
    943.40    5.4621
    943.50    5.4645
    943.60    5.4668
    943.70    5.4692
    943.80    5.4716
    943.90    5.4740
    944.00    5.4765
    944.10    5.4790
    944.20    5.4815
    944.30    5.4841
    944.40    5.4867
    944.50    5.4893
    944.60    5.4919
    944.70    5.4945
    944.80    5.4971
    944.90    5.4996
    945.00    5.5022
    945.10    5.5046
    945.20    5.5071
    945.30    5.5095
    945.40    5.5119
    945.50    5.5143
    945.60    5.5167
    945.70    5.5191
    945.80    5.5214
    945.90    5.5237
    946.00    5.5261
    946.10    5.5284
    946.20    5.5307
    946.30    5.5331
    946.40    5.5354
    946.50    5.5378
    946.60    5.5402
    946.70    5.5426
    946.80    5.5451
    946.90    5.5476
    947.00    5.5501
    947.10    5.5526
    947.20    5.5552
    947.30    5.5578
    947.40    5.5604
    947.50    5.5631
    947.60    5.5657
    947.70    5.5683
    947.80    5.5709
    947.90    5.5735
    948.00    5.5761
    948.10    5.5786
    948.20    5.5811
    948.30    5.5836
    948.40    5.5860
    948.50    5.5884
    948.60    5.5908
    948.70    5.5932
    948.80    5.5955
    948.90    5.5979
    949.00    5.6002
    949.10    5.6026
    949.20    5.6050
    949.30    5.6073
    949.40    5.6097
    949.50    5.6121
    949.60    5.6145
    949.70    5.6170
    949.80    5.6194
    949.90    5.6219
    950.00    5.6245
    950.10    5.6270
    950.20    5.6297
    950.30    5.6323
    950.40    5.6350
    950.50    5.6376
    950.60    5.6403
    950.70    5.6429
    950.80    5.6455
    950.90    5.6481
    951.00    5.6506
    951.10    5.6531
    951.20    5.6556
    951.30    5.6580
    951.40    5.6604
    951.50    5.6628
    951.60    5.6652
    951.70    5.6676
    951.80    5.6700
    951.90    5.6724
    952.00    5.6749
    952.10    5.6775
    952.20    5.6801
    952.30    5.6827
    952.40    5.6854
    952.50    5.6880
    952.60    5.6907
    952.70    5.6934
    952.80    5.6960
    952.90    5.6986
    953.00    5.7012
    953.10    5.7037
    953.20    5.7062
    953.30    5.7086
    953.40    5.7110
    953.50    5.7134
    953.60    5.7158
    953.70    5.7182
    953.80    5.7206
    953.90    5.7231
    954.00    5.7255
    954.10    5.7281
    954.20    5.7306
    954.30    5.7332
    954.40    5.7359
    954.50    5.7385
    954.60    5.7412
    954.70    5.7438
    954.80    5.7465
    954.90    5.7492
    955.00    5.7519
    955.10    5.7545
    955.20    5.7572
    955.30    5.7598
    955.40    5.7624
    955.50    5.7651
    955.60    5.7677
    955.70    5.7703
    955.80    5.7730
    955.90    5.7756
    956.00    5.7783
    956.10    5.7809
    956.20    5.7836
    956.30    5.7863
    956.40    5.7890
    956.50    5.7916
    956.60    5.7943
    956.70    5.7969
    956.80    5.7996
    956.90    5.8021
    957.00    5.8047
    957.10    5.8072
    957.20    5.8097
    957.30    5.8121
    957.40    5.8145
    957.50    5.8169
    957.60    5.8193
    957.70    5.8218
    957.80    5.8242
    957.90    5.8267
    958.00    5.8292
    958.10    5.8317
    958.20    5.8343
    958.30    5.8369
    958.40    5.8396
    958.50    5.8422
    958.60    5.8449
    958.70    5.8476
    958.80    5.8503
    958.90    5.8530
    959.00    5.8557
    959.10    5.8584
    959.20    5.8610
    959.30    5.8637
    959.40    5.8664
    959.50    5.8690
    959.60    5.8717
    959.70    5.8743
    959.80    5.8769
    959.90    5.8796
    960.00    5.8822
    960.10    5.8849
    960.20    5.8875
    960.30    5.8902
    960.40    5.8929
    960.50    5.8955
    960.60    5.8982
    960.70    5.9008
    960.80    5.9035
    960.90    5.9062
    961.00    5.9088
    961.10    5.9115
    961.20    5.9142
    961.30    5.9168
    961.40    5.9195
    961.50    5.9222
    961.60    5.9248
    961.70    5.9275
    961.80    5.9301
    961.90    5.9328
    962.00    5.9355
    962.10    5.9381
    962.20    5.9408
    962.30    5.9434
    962.40    5.9461
    962.50    5.9488
    962.60    5.9514
    962.70    5.9541
    962.80    5.9568
    962.90    5.9594
    963.00    5.9621
    963.10    5.9648
    963.20    5.9674
    963.30    5.9701
    963.40    5.9727
    963.50    5.9754
    963.60    5.9781
    963.70    5.9807
    963.80    5.9834
    963.90    5.9861
    964.00    5.9887
    964.10    5.9914
    964.20    5.9940
    964.30    5.9967
    964.40    5.9994
    964.50    6.0020
    964.60    6.0047
    964.70    6.0073
    964.80    6.0100
    964.90    6.0126
    965.00    6.0153
    965.10    6.0179
    965.20    6.0206
    965.30    6.0233
    965.40    6.0259
    965.50    6.0286
    965.60    6.0312
    965.70    6.0339
    965.80    6.0365
    965.90    6.0392
    966.00    6.0418
    966.10    6.0445
    966.20    6.0471
    966.30    6.0498
    966.40    6.0524
    966.50    6.0551
    966.60    6.0577
    966.70    6.0603
    966.80    6.0630
    966.90    6.0656
    967.00    6.0683
    967.10    6.0709
    967.20    6.0735
    967.30    6.0762
    967.40    6.0788
    967.50    6.0814
    967.60    6.0841
    967.70    6.0867
    967.80    6.0893
    967.90    6.0920
    968.00    6.0946
    968.10    6.0972
    968.20    6.0999
    968.30    6.1025
    968.40    6.1051
    968.50    6.1077
    968.60    6.1104
    968.70    6.1130
    968.80    6.1156
    968.90    6.1182
    969.00    6.1208
    969.10    6.1234
    969.20    6.1261
    969.30    6.1287
    969.40    6.1313
    969.50    6.1339
    969.60    6.1365
    969.70    6.1391
    969.80    6.1417
    969.90    6.1443
    970.00    6.1469
    970.10    6.1495
    970.20    6.1521
    970.30    6.1547
    970.40    6.1574
    970.50    6.1600
    970.60    6.1625
    970.70    6.1651
    970.80    6.1677
    970.90    6.1703
    971.00    6.1728
    971.10    6.1754
    971.20    6.1779
    971.30    6.1804
    971.40    6.1830
    971.50    6.1855
    971.60    6.1881
    971.70    6.1906
    971.80    6.1932
    971.90    6.1959
    972.00    6.1986
    972.10    6.2013
    972.20    6.2040
    972.30    6.2068
    972.40    6.2096
    972.50    6.2124
    972.60    6.2152
    972.70    6.2180
    972.80    6.2208
    972.90    6.2235
    973.00    6.2262
    973.10    6.2288
    973.20    6.2315
    973.30    6.2340
    973.40    6.2366
    973.50    6.2391
    973.60    6.2416
    973.70    6.2441
    973.80    6.2465
    973.90    6.2490
    974.00    6.2515
    974.10    6.2540
    974.20    6.2565
    974.30    6.2590
    974.40    6.2615
    974.50    6.2640
    974.60    6.2665
    974.70    6.2690
    974.80    6.2715
    974.90    6.2740
    975.00    6.2765
    975.10    6.2790
    975.20    6.2815
    975.30    6.2840
    975.40    6.2865
    975.50    6.2890
    975.60    6.2914
    975.70    6.2939
    975.80    6.2964
    975.90    6.2988
    976.00    6.3013
    976.10    6.3038
    976.20    6.3062
    976.30    6.3087
    976.40    6.3112
    976.50    6.3136
    976.60    6.3161
    976.70    6.3185
    976.80    6.3210
    976.90    6.3234
    977.00    6.3258
    977.10    6.3282
    977.20    6.3306
    977.30    6.3329
    977.40    6.3353
    977.50    6.3377
    977.60    6.3401
    977.70    6.3425
    977.80    6.3450
    977.90    6.3474
    978.00    6.3499
    978.10    6.3525
    978.20    6.3551
    978.30    6.3577
    978.40    6.3603
    978.50    6.3630
    978.60    6.3656
    978.70    6.3682
    978.80    6.3708
    978.90    6.3734
    979.00    6.3759
    979.10    6.3784
    979.20    6.3809
    979.30    6.3833
    979.40    6.3856
    979.50    6.3880
    979.60    6.3903
    979.70    6.3926
    979.80    6.3949
    979.90    6.3971
    980.00    6.3994
    980.10    6.4017
    980.20    6.4039
    980.30    6.4062
    980.40    6.4084
    980.50    6.4107
    980.60    6.4130
    980.70    6.4153
    980.80    6.4177
    980.90    6.4201
    981.00    6.4225
    981.10    6.4249
    981.20    6.4274
    981.30    6.4299
    981.40    6.4324
    981.50    6.4350
    981.60    6.4375
    981.70    6.4400
    981.80    6.4425
    981.90    6.4449
    982.00    6.4474
    982.10    6.4497
    982.20    6.4521
    982.30    6.4544
    982.40    6.4566
    982.50    6.4588
    982.60    6.4610
    982.70    6.4632
    982.80    6.4654
    982.90    6.4675
    983.00    6.4697
    983.10    6.4718
    983.20    6.4739
    983.30    6.4761
    983.40    6.4782
    983.50    6.4804
    983.60    6.4826
    983.70    6.4848
    983.80    6.4870
    983.90    6.4893
    984.00    6.4916
    984.10    6.4939
    984.20    6.4963
    984.30    6.4987
    984.40    6.5012
    984.50    6.5036
    984.60    6.5060
    984.70    6.5084
    984.80    6.5107
    984.90    6.5130
    985.00    6.5153
    985.10    6.5175
    985.20    6.5196
    985.30    6.5218
    985.40    6.5238
    985.50    6.5259
    985.60    6.5280
    985.70    6.5300
    985.80    6.5321
    985.90    6.5342
    986.00    6.5364
    986.10    6.5386
    986.20    6.5409
    986.30    6.5432
    986.40    6.5456
    986.50    6.5479
    986.60    6.5502
    986.70    6.5526
    986.80    6.5549
    986.90    6.5571
    987.00    6.5593
    987.10    6.5615
    987.20    6.5636
    987.30    6.5656
    987.40    6.5676
    987.50    6.5696
    987.60    6.5716
    987.70    6.5736
    987.80    6.5755
    987.90    6.5776
    988.00    6.5796
    988.10    6.5817
    988.20    6.5838
    988.30    6.5860
    988.40    6.5882
    988.50    6.5904
    988.60    6.5926
    988.70    6.5949
    988.80    6.5972
    988.90    6.5994
    989.00    6.6017
    989.10    6.6040
    989.20    6.6062
    989.30    6.6085
    989.40    6.6107
    989.50    6.6129
    989.60    6.6151
    989.70    6.6172
    989.80    6.6193
    989.90    6.6214
    990.00    6.6234
    990.10    6.6254
    990.20    6.6273
    990.30    6.6293
    990.40    6.6311
    990.50    6.6330
    990.60    6.6349
    990.70    6.6368
    990.80    6.6387
    990.90    6.6406
    991.00    6.6426
    991.10    6.6446
    991.20    6.6466
    991.30    6.6487
    991.40    6.6508
    991.50    6.6529
    991.60    6.6550
    991.70    6.6572
    991.80    6.6593
    991.90    6.6615
    992.00    6.6636
    992.10    6.6657
    992.20    6.6678
    992.30    6.6699
    992.40    6.6720
    992.50    6.6741
    992.60    6.6761
    992.70    6.6782
    992.80    6.6803
    992.90    6.6823
    993.00    6.6844
    993.10    6.6864
    993.20    6.6885
    993.30    6.6905
    993.40    6.6926
    993.50    6.6946
    993.60    6.6967
    993.70    6.6987
    993.80    6.7008
    993.90    6.7028
    994.00    6.7049
    994.10    6.7069
    994.20    6.7089
    994.30    6.7110
    994.40    6.7130
    994.50    6.7151
    994.60    6.7171
    994.70    6.7191
    994.80    6.7211
    994.90    6.7231
    995.00    6.7251
    995.10    6.7271
    995.20    6.7290
    995.30    6.7310
    995.40    6.7330
    995.50    6.7349
    995.60    6.7369
    995.70    6.7389
    995.80    6.7410
    995.90    6.7430
    996.00    6.7452
    996.10    6.7473
    996.20    6.7495
    996.30    6.7518
    996.40    6.7540
    996.50    6.7563
    996.60    6.7585
    996.70    6.7607
    996.80    6.7630
    996.90    6.7652
    997.00    6.7673
    997.10    6.7694
    997.20    6.7714
    997.30    6.7735
    997.40    6.7754
    997.50    6.7774
    997.60    6.7793
    997.70    6.7813
    997.80    6.7832
    997.90    6.7851
    998.00    6.7870
    998.10    6.7890
    998.20    6.7909
    998.30    6.7929
    998.40    6.7949
    998.50    6.7969
    998.60    6.7988
    998.70    6.8008
    998.80    6.8028
    998.90    6.8047
    999.00    6.8066
    999.10    6.8086
    999.20    6.8105
    999.30    6.8124
    999.40    6.8143
    999.50    6.8162
    999.60    6.8181
    999.70    6.8201
    999.80    6.8221
    999.90    6.8241
   1000.00    6.8262
   1000.10    6.8283
   1000.20    6.8304
   1000.30    6.8326
   1000.40    6.8348
   1000.50    6.8370
   1000.60    6.8392
   1000.70    6.8415
   1000.80    6.8436
   1000.90    6.8458
   1001.00    6.8479
   1001.10    6.8500
   1001.20    6.8520
   1001.30    6.8540
   1001.40    6.8560
   1001.50    6.8579
   1001.60    6.8599
   1001.70    6.8617
   1001.80    6.8636
   1001.90    6.8655
   1002.00    6.8674
   1002.10    6.8692
   1002.20    6.8711
   1002.30    6.8730
   1002.40    6.8749
   1002.50    6.8768
   1002.60    6.8787
   1002.70    6.8807
   1002.80    6.8827
   1002.90    6.8847
   1003.00    6.8868
   1003.10    6.8889
   1003.20    6.8911
   1003.30    6.8932
   1003.40    6.8954
   1003.50    6.8976
   1003.60    6.8999
   1003.70    6.9021
   1003.80    6.9042
   1003.90    6.9064
   1004.00    6.9085
   1004.10    6.9106
   1004.20    6.9126
   1004.30    6.9146
   1004.40    6.9166
   1004.50    6.9186
   1004.60    6.9205
   1004.70    6.9224
   1004.80    6.9243
   1004.90    6.9261
   1005.00    6.9280
   1005.10    6.9299
   1005.20    6.9317
   1005.30    6.9336
   1005.40    6.9355
   1005.50    6.9375
   1005.60    6.9394
   1005.70    6.9414
   1005.80    6.9434
   1005.90    6.9454
   1006.00    6.9475
   1006.10    6.9497
   1006.20    6.9519
   1006.30    6.9541
   1006.40    6.9563
   1006.50    6.9586
   1006.60    6.9608
   1006.70    6.9630
   1006.80    6.9652
   1006.90    6.9674
   1007.00    6.9695
   1007.10    6.9715
   1007.20    6.9735
   1007.30    6.9755
   1007.40    6.9774
   1007.50    6.9793
   1007.60    6.9813
   1007.70    6.9832
   1007.80    6.9852
   1007.90    6.9872
   1008.00    6.9892
   1008.10    6.9913
   1008.20    6.9935
   1008.30    6.9957
   1008.40    6.9980
   1008.50    7.0002
   1008.60    7.0025
   1008.70    7.0048
   1008.80    7.0070
   1008.90    7.0092
   1009.00    7.0114
   1009.10    7.0136
   1009.20    7.0157
   1009.30    7.0177
   1009.40    7.0198
   1009.50    7.0217
   1009.60    7.0237
   1009.70    7.0257
   1009.80    7.0276
   1009.90    7.0295
   1010.00    7.0315
   1010.10    7.0334
   1010.20    7.0353
   1010.30    7.0373
   1010.40    7.0393
   1010.50    7.0413
   1010.60    7.0433
   1010.70    7.0453
   1010.80    7.0474
   1010.90    7.0495
   1011.00    7.0517
   1011.10    7.0539
   1011.20    7.0562
   1011.30    7.0585
   1011.40    7.0608
   1011.50    7.0631
   1011.60    7.0654
   1011.70    7.0677
   1011.80    7.0700
   1011.90    7.0722
   1012.00    7.0744
   1012.10    7.0766
   1012.20    7.0787
   1012.30    7.0807
   1012.40    7.0827
   1012.50    7.0847
   1012.60    7.0867
   1012.70    7.0888
   1012.80    7.0908
   1012.90    7.0929
   1013.00    7.0950
   1013.10    7.0971
   1013.20    7.0993
   1013.30    7.1016
   1013.40    7.1038
   1013.50    7.1061
   1013.60    7.1085
   1013.70    7.1108
   1013.80    7.1132
   1013.90    7.1156
   1014.00    7.1180
   1014.10    7.1204
   1014.20    7.1228
   1014.30    7.1251
   1014.40    7.1275
   1014.50    7.1298
   1014.60    7.1322
   1014.70    7.1344
   1014.80    7.1367
   1014.90    7.1389
   1015.00    7.1411
   1015.10    7.1432
   1015.20    7.1453
   1015.30    7.1474
   1015.40    7.1494
   1015.50    7.1514
   1015.60    7.1535
   1015.70    7.1555
   1015.80    7.1576
   1015.90    7.1598
   1016.00    7.1619
   1016.10    7.1642
   1016.20    7.1664
   1016.30    7.1688
   1016.40    7.1711
   1016.50    7.1735
   1016.60    7.1759
   1016.70    7.1782
   1016.80    7.1806
   1016.90    7.1829
   1017.00    7.1852
   1017.10    7.1874
   1017.20    7.1896
   1017.30    7.1918
   1017.40    7.1939
   1017.50    7.1960
   1017.60    7.1980
   1017.70    7.2001
   1017.80    7.2021
   1017.90    7.2041
   1018.00    7.2061
   1018.10    7.2081
   1018.20    7.2101
   1018.30    7.2122
   1018.40    7.2142
   1018.50    7.2163
   1018.60    7.2183
   1018.70    7.2205
   1018.80    7.2226
   1018.90    7.2248
   1019.00    7.2270
   1019.10    7.2293
   1019.20    7.2317
   1019.30    7.2340
   1019.40    7.2364
   1019.50    7.2388
   1019.60    7.2412
   1019.70    7.2435
   1019.80    7.2458
   1019.90    7.2481
   1020.00    7.2503
   1020.10    7.2525
   1020.20    7.2546
   1020.30    7.2567
   1020.40    7.2587
   1020.50    7.2608
   1020.60    7.2628
   1020.70    7.2649
   1020.80    7.2669
   1020.90    7.2690
   1021.00    7.2712
   1021.10    7.2735
   1021.20    7.2757
   1021.30    7.2781
   1021.40    7.2804
   1021.50    7.2828
   1021.60    7.2852
   1021.70    7.2875
   1021.80    7.2899
   1021.90    7.2922
   1022.00    7.2944
   1022.10    7.2966
   1022.20    7.2987
   1022.30    7.3008
   1022.40    7.3028
   1022.50    7.3048
   1022.60    7.3069
   1022.70    7.3089
   1022.80    7.3109
   1022.90    7.3130
   1023.00    7.3151
   1023.10    7.3173
   1023.20    7.3195
   1023.30    7.3217
   1023.40    7.3240
   1023.50    7.3263
   1023.60    7.3286
   1023.70    7.3310
   1023.80    7.3333
   1023.90    7.3357
   1024.00    7.3380
   1024.10    7.3404
   1024.20    7.3427
   1024.30    7.3450
   1024.40    7.3473
   1024.50    7.3495
   1024.60    7.3518
   1024.70    7.3541
   1024.80    7.3563
   1024.90    7.3586
   1025.00    7.3608
   1025.10    7.3630
   1025.20    7.3652
   1025.30    7.3674
   1025.40    7.3695
   1025.50    7.3716
   1025.60    7.3737
   1025.70    7.3756
   1025.80    7.3775
   1025.90    7.3792
   1026.00    7.3809
   1026.10    7.3824
   1026.20    7.3839
   1026.30    7.3852
   1026.40    7.3865
   1026.50    7.3877
   1026.60    7.3889
   1026.70    7.3900
   1026.80    7.3912
   1026.90    7.3923
   1027.00    7.3934
   1027.10    7.3946
   1027.20    7.3958
   1027.30    7.3970
   1027.40    7.3983
   1027.50    7.3995
   1027.60    7.4007
   1027.70    7.4020
   1027.80    7.4032
   1027.90    7.4044
   1028.00    7.4056
   1028.10    7.4067
   1028.20    7.4079
   1028.30    7.4090
   1028.40    7.4101
   1028.50    7.4113
   1028.60    7.4124
   1028.70    7.4136
   1028.80    7.4148
   1028.90    7.4160
   1029.00    7.4172
   1029.10    7.4186
   1029.20    7.4199
   1029.30    7.4213
   1029.40    7.4227
   1029.50    7.4241
   1029.60    7.4255
   1029.70    7.4268
   1029.80    7.4282
   1029.90    7.4295
   1030.00    7.4308
   1030.10    7.4320
   1030.20    7.4331
   1030.30    7.4342
   1030.40    7.4353
   1030.50    7.4363
   1030.60    7.4374
   1030.70    7.4383
   1030.80    7.4393
   1030.90    7.4403
   1031.00    7.4413
   1031.10    7.4423
   1031.20    7.4432
   1031.30    7.4442
   1031.40    7.4452
   1031.50    7.4463
   1031.60    7.4473
   1031.70    7.4483
   1031.80    7.4493
   1031.90    7.4503
   1032.00    7.4512
   1032.10    7.4522
   1032.20    7.4532
   1032.30    7.4542
   1032.40    7.4551
   1032.50    7.4561
   1032.60    7.4570
   1032.70    7.4580
   1032.80    7.4589
   1032.90    7.4599
   1033.00    7.4608
   1033.10    7.4617
   1033.20    7.4627
   1033.30    7.4636
   1033.40    7.4646
   1033.50    7.4655
   1033.60    7.4665
   1033.70    7.4674
   1033.80    7.4683
   1033.90    7.4692
   1034.00    7.4701
   1034.10    7.4709
   1034.20    7.4718
   1034.30    7.4726
   1034.40    7.4735
   1034.50    7.4744
   1034.60    7.4753
   1034.70    7.4762
   1034.80    7.4771
   1034.90    7.4781
   1035.00    7.4791
   1035.10    7.4802
   1035.20    7.4813
   1035.30    7.4825
   1035.40    7.4837
   1035.50    7.4849
   1035.60    7.4861
   1035.70    7.4872
   1035.80    7.4884
   1035.90    7.4895
   1036.00    7.4906
   1036.10    7.4917
   1036.20    7.4927
   1036.30    7.4936
   1036.40    7.4946
   1036.50    7.4955
   1036.60    7.4963
   1036.70    7.4972
   1036.80    7.4980
   1036.90    7.4989
   1037.00    7.4997
   1037.10    7.5005
   1037.20    7.5014
   1037.30    7.5022
   1037.40    7.5031
   1037.50    7.5040
   1037.60    7.5049
   1037.70    7.5058
   1037.80    7.5068
   1037.90    7.5078
   1038.00    7.5089
   1038.10    7.5101
   1038.20    7.5112
   1038.30    7.5124
   1038.40    7.5137
   1038.50    7.5149
   1038.60    7.5161
   1038.70    7.5174
   1038.80    7.5186
   1038.90    7.5198
   1039.00    7.5209
   1039.10    7.5220
   1039.20    7.5231
   1039.30    7.5241
   1039.40    7.5251
   1039.50    7.5261
   1039.60    7.5270
   1039.70    7.5280
   1039.80    7.5289
   1039.90    7.5299
   1040.00    7.5309
   1040.10    7.5319
   1040.20    7.5329
   1040.30    7.5339
   1040.40    7.5350
   1040.50    7.5360
   1040.60    7.5371
   1040.70    7.5382
   1040.80    7.5392
   1040.90    7.5403
   1041.00    7.5413
   1041.10    7.5424
   1041.20    7.5434
   1041.30    7.5444
   1041.40    7.5454
   1041.50    7.5465
   1041.60    7.5476
   1041.70    7.5487
   1041.80    7.5498
   1041.90    7.5510
   1042.00    7.5523
   1042.10    7.5535
   1042.20    7.5549
   1042.30    7.5563
   1042.40    7.5577
   1042.50    7.5591
   1042.60    7.5605
   1042.70    7.5620
   1042.80    7.5634
   1042.90    7.5648
   1043.00    7.5661
   1043.10    7.5674
   1043.20    7.5687
   1043.30    7.5699
   1043.40    7.5711
   1043.50    7.5723
   1043.60    7.5734
   1043.70    7.5746
   1043.80    7.5757
   1043.90    7.5768
   1044.00    7.5779
   1044.10    7.5790
   1044.20    7.5801
   1044.30    7.5812
   1044.40    7.5824
   1044.50    7.5836
   1044.60    7.5848
   1044.70    7.5860
   1044.80    7.5873
   1044.90    7.5886
   1045.00    7.5900
   1045.10    7.5914
   1045.20    7.5929
   1045.30    7.5944
   1045.40    7.5960
   1045.50    7.5975
   1045.60    7.5991
   1045.70    7.6006
   1045.80    7.6021
   1045.90    7.6035
   1046.00    7.6049
   1046.10    7.6063
   1046.20    7.6076
   1046.30    7.6088
   1046.40    7.6100
   1046.50    7.6113
   1046.60    7.6125
   1046.70    7.6137
   1046.80    7.6150
   1046.90    7.6163
   1047.00    7.6176
   1047.10    7.6191
   1047.20    7.6205
   1047.30    7.6221
   1047.40    7.6236
   1047.50    7.6252
   1047.60    7.6268
   1047.70    7.6284
   1047.80    7.6300
   1047.90    7.6315
   1048.00    7.6330
   1048.10    7.6345
   1048.20    7.6359
   1048.30    7.6373
   1048.40    7.6386
   1048.50    7.6399
   1048.60    7.6412
   1048.70    7.6424
   1048.80    7.6436
   1048.90    7.6449
   1049.00    7.6461
   1049.10    7.6473
   1049.20    7.6485
   1049.30    7.6498
   1049.40    7.6511
   1049.50    7.6523
   1049.60    7.6537
   1049.70    7.6550
   1049.80    7.6564
   1049.90    7.6578
   1050.00    7.6593
   1050.10    7.6608
   1050.20    7.6623
   1050.30    7.6639
   1050.40    7.6655
   1050.50    7.6672
   1050.60    7.6688
   1050.70    7.6704
   1050.80    7.6720
   1050.90    7.6735
   1051.00    7.6750
   1051.10    7.6765
   1051.20    7.6779
   1051.30    7.6793
   1051.40    7.6806
   1051.50    7.6819
   1051.60    7.6832
   1051.70    7.6845
   1051.80    7.6858
   1051.90    7.6871
   1052.00    7.6883
   1052.10    7.6897
   1052.20    7.6910
   1052.30    7.6923
   1052.40    7.6937
   1052.50    7.6950
   1052.60    7.6964
   1052.70    7.6977
   1052.80    7.6991
   1052.90    7.7004
   1053.00    7.7017
   1053.10    7.7030
   1053.20    7.7043
   1053.30    7.7056
   1053.40    7.7069
   1053.50    7.7082
   1053.60    7.7095
   1053.70    7.7109
   1053.80    7.7122
   1053.90    7.7137
   1054.00    7.7151
   1054.10    7.7167
   1054.20    7.7182
   1054.30    7.7199
   1054.40    7.7215
   1054.50    7.7231
   1054.60    7.7248
   1054.70    7.7264
   1054.80    7.7280
   1054.90    7.7296
   1055.00    7.7312
   1055.10    7.7327
   1055.20    7.7341
   1055.30    7.7355
   1055.40    7.7369
   1055.50    7.7383
   1055.60    7.7396
   1055.70    7.7409
   1055.80    7.7422
   1055.90    7.7434
   1056.00    7.7447
   1056.10    7.7460
   1056.20    7.7473
   1056.30    7.7485
   1056.40    7.7498
   1056.50    7.7512
   1056.60    7.7525
   1056.70    7.7539
   1056.80    7.7553
   1056.90    7.7568
   1057.00    7.7583
   1057.10    7.7599
   1057.20    7.7615
   1057.30    7.7631
   1057.40    7.7648
   1057.50    7.7664
   1057.60    7.7681
   1057.70    7.7697
   1057.80    7.7714
   1057.90    7.7730
   1058.00    7.7745
   1058.10    7.7760
   1058.20    7.7774
   1058.30    7.7789
   1058.40    7.7802
   1058.50    7.7816
   1058.60    7.7829
   1058.70    7.7842
   1058.80    7.7855
   1058.90    7.7869
   1059.00    7.7882
   1059.10    7.7895
   1059.20    7.7909
   1059.30    7.7923
   1059.40    7.7937
   1059.50    7.7951
   1059.60    7.7964
   1059.70    7.7978
   1059.80    7.7992
   1059.90    7.8006
   1060.00    7.8019
   1060.10    7.8033
   1060.20    7.8046
   1060.30    7.8059
   1060.40    7.8072
   1060.50    7.8086
   1060.60    7.8099
   1060.70    7.8113
   1060.80    7.8127
   1060.90    7.8142
   1061.00    7.8157
   1061.10    7.8173
   1061.20    7.8189
   1061.30    7.8205
   1061.40    7.8222
   1061.50    7.8239
   1061.60    7.8256
   1061.70    7.8272
   1061.80    7.8289
   1061.90    7.8305
   1062.00    7.8321
   1062.10    7.8336
   1062.20    7.8351
   1062.30    7.8366
   1062.40    7.8380
   1062.50    7.8393
   1062.60    7.8407
   1062.70    7.8420
   1062.80    7.8433
   1062.90    7.8446
   1063.00    7.8459
   1063.10    7.8472
   1063.20    7.8485
   1063.30    7.8498
   1063.40    7.8512
   1063.50    7.8525
   1063.60    7.8539
   1063.70    7.8553
   1063.80    7.8567
   1063.90    7.8582
   1064.00    7.8598
   1064.10    7.8614
   1064.20    7.8630
   1064.30    7.8647
   1064.40    7.8664
   1064.50    7.8681
   1064.60    7.8698
   1064.70    7.8715
   1064.80    7.8731
   1064.90    7.8747
   1065.00    7.8762
   1065.10    7.8777
   1065.20    7.8791
   1065.30    7.8805
   1065.40    7.8818
   1065.50    7.8831
   1065.60    7.8845
   1065.70    7.8858
   1065.80    7.8872
   1065.90    7.8886
   1066.00    7.8901
   1066.10    7.8916
   1066.20    7.8932
   1066.30    7.8949
   1066.40    7.8965
   1066.50    7.8982
   1066.60    7.8999
   1066.70    7.9016
   1066.80    7.9033
   1066.90    7.9049
   1067.00    7.9065
   1067.10    7.9080
   1067.20    7.9095
   1067.30    7.9109
   1067.40    7.9123
   1067.50    7.9137
   1067.60    7.9150
   1067.70    7.9163
   1067.80    7.9177
   1067.90    7.9190
   1068.00    7.9203
   1068.10    7.9216
   1068.20    7.9230
   1068.30    7.9244
   1068.40    7.9257
   1068.50    7.9271
   1068.60    7.9285
   1068.70    7.9299
   1068.80    7.9313
   1068.90    7.9327
   1069.00    7.9341
   1069.10    7.9354
   1069.20    7.9368
   1069.30    7.9382
   1069.40    7.9396
   1069.50    7.9409
   1069.60    7.9423
   1069.70    7.9437
   1069.80    7.9450
   1069.90    7.9464
   1070.00    7.9478
   1070.10    7.9491
   1070.20    7.9505
   1070.30    7.9518
   1070.40    7.9532
   1070.50    7.9546
   1070.60    7.9559
   1070.70    7.9573
   1070.80    7.9587
   1070.90    7.9600
   1071.00    7.9614
   1071.10    7.9628
   1071.20    7.9641
   1071.30    7.9655
   1071.40    7.9669
   1071.50    7.9683
   1071.60    7.9696
   1071.70    7.9710
   1071.80    7.9723
   1071.90    7.9736
   1072.00    7.9750
   1072.10    7.9763
   1072.20    7.9775
   1072.30    7.9788
   1072.40    7.9801
   1072.50    7.9814
   1072.60    7.9828
   1072.70    7.9841
   1072.80    7.9855
   1072.90    7.9869
   1073.00    7.9884
   1073.10    7.9899
   1073.20    7.9915
   1073.30    7.9931
   1073.40    7.9948
   1073.50    7.9964
   1073.60    7.9981
   1073.70    7.9997
   1073.80    8.0013
   1073.90    8.0029
   1074.00    8.0044
   1074.10    8.0059
   1074.20    8.0073
   1074.30    8.0086
   1074.40    8.0100
   1074.50    8.0113
   1074.60    8.0126
   1074.70    8.0138
   1074.80    8.0151
   1074.90    8.0163
   1075.00    8.0176
   1075.10    8.0189
   1075.20    8.0202
   1075.30    8.0215
   1075.40    8.0228
   1075.50    8.0241
   1075.60    8.0254
   1075.70    8.0267
   1075.80    8.0280
   1075.90    8.0293
   1076.00    8.0306
   1076.10    8.0319
   1076.20    8.0332
   1076.30    8.0345
   1076.40    8.0358
   1076.50    8.0371
   1076.60    8.0384
   1076.70    8.0397
   1076.80    8.0410
   1076.90    8.0422
   1077.00    8.0435
   1077.10    8.0448
   1077.20    8.0460
   1077.30    8.0473
   1077.40    8.0486
   1077.50    8.0498
   1077.60    8.0511
   1077.70    8.0524
   1077.80    8.0536
   1077.90    8.0549
   1078.00    8.0562
   1078.10    8.0574
   1078.20    8.0587
   1078.30    8.0599
   1078.40    8.0612
   1078.50    8.0624
   1078.60    8.0636
   1078.70    8.0649
   1078.80    8.0661
   1078.90    8.0674
   1079.00    8.0686
   1079.10    8.0698
   1079.20    8.0711
   1079.30    8.0723
   1079.40    8.0735
   1079.50    8.0747
   1079.60    8.0759
   1079.70    8.0772
   1079.80    8.0784
   1079.90    8.0796
   1080.00    8.0808
   1080.10    8.0820
   1080.20    8.0832
   1080.30    8.0844
   1080.40    8.0856
   1080.50    8.0868
   1080.60    8.0880
   1080.70    8.0892
   1080.80    8.0904
   1080.90    8.0916
   1081.00    8.0927
   1081.10    8.0939
   1081.20    8.0951
   1081.30    8.0963
   1081.40    8.0975
   1081.50    8.0986
   1081.60    8.0998
   1081.70    8.1010
   1081.80    8.1021
   1081.90    8.1033
   1082.00    8.1044
   1082.10    8.1056
   1082.20    8.1067
   1082.30    8.1079
   1082.40    8.1090
   1082.50    8.1102
   1082.60    8.1113
   1082.70    8.1125
   1082.80    8.1136
   1082.90    8.1147
   1083.00    8.1159
   1083.10    8.1170
   1083.20    8.1181
   1083.30    8.1193
   1083.40    8.1204
   1083.50    8.1215
   1083.60    8.1226
   1083.70    8.1237
   1083.80    8.1249
   1083.90    8.1260
   1084.00    8.1271
   1084.10    8.1282
   1084.20    8.1293
   1084.30    8.1304
   1084.40    8.1315
   1084.50    8.1326
   1084.60    8.1337
   1084.70    8.1348
   1084.80    8.1359
   1084.90    8.1370
