    690.00    3.3613
    690.10    3.3647
    690.20    3.3681
    690.30    3.3715
    690.40    3.3749
    690.50    3.3783
    690.60    3.3816
    690.70    3.3850
    690.80    3.3883
    690.90    3.3916
    691.00    3.3949
    691.10    3.3981
    691.20    3.4014
    691.30    3.4046
    691.40    3.4078
    691.50    3.4110
    691.60    3.4142
    691.70    3.4175
    691.80    3.4207
    691.90    3.4239
    692.00    3.4272
    692.10    3.4305
    692.20    3.4338
    692.30    3.4372
    692.40    3.4406
    692.50    3.4440
    692.60    3.4474
    692.70    3.4508
    692.80    3.4542
    692.90    3.4576
    693.00    3.4610
    693.10    3.4644
    693.20    3.4678
    693.30    3.4712
    693.40    3.4746
    693.50    3.4779
    693.60    3.4813
    693.70    3.4847
    693.80    3.4881
    693.90    3.4915
    694.00    3.4949
    694.10    3.4983
    694.20    3.5018
    694.30    3.5052
    694.40    3.5086
    694.50    3.5121
    694.60    3.5155
    694.70    3.5189
    694.80    3.5223
    694.90    3.5257
    695.00    3.5290
    695.10    3.5323
    695.20    3.5356
    695.30    3.5389
    695.40    3.5422
    695.50    3.5455
    695.60    3.5487
    695.70    3.5520
    695.80    3.5553
    695.90    3.5586
    696.00    3.5619
    696.10    3.5653
    696.20    3.5687
    696.30    3.5721
    696.40    3.5755
    696.50    3.5789
    696.60    3.5824
    696.70    3.5859
    696.80    3.5894
    696.90    3.5929
    697.00    3.5964
    697.10    3.5999
    697.20    3.6034
    697.30    3.6069
    697.40    3.6104
    697.50    3.6139
    697.60    3.6173
    697.70    3.6208
    697.80    3.6242
    697.90    3.6277
    698.00    3.6311
    698.10    3.6344
    698.20    3.6378
    698.30    3.6411
    698.40    3.6445
    698.50    3.6478
    698.60    3.6511
    698.70    3.6545
    698.80    3.6578
    698.90    3.6612
    699.00    3.6646
    699.10    3.6680
    699.20    3.6715
    699.30    3.6749
    699.40    3.6784
    699.50    3.6820
    699.60    3.6855
    699.70    3.6891
    699.80    3.6926
    699.90    3.6962
    700.00    3.6998
    700.10    3.7033
    700.20    3.7069
    700.30    3.7105
    700.40    3.7141
    700.50    3.7176
    700.60    3.7212
    700.70    3.7247
    700.80    3.7282
    700.90    3.7317
    701.00    3.7352
    701.10    3.7386
    701.20    3.7421
    701.30    3.7455
    701.40    3.7488
    701.50    3.7522
    701.60    3.7556
    701.70    3.7590
    701.80    3.7625
    701.90    3.7659
    702.00    3.7694
    702.10    3.7729
    702.20    3.7764
    702.30    3.7800
    702.40    3.7836
    702.50    3.7872
    702.60    3.7908
    702.70    3.7944
    702.80    3.7980
    702.90    3.8016
    703.00    3.8051
    703.10    3.8087
    703.20    3.8122
    703.30    3.8156
    703.40    3.8191
    703.50    3.8225
    703.60    3.8260
    703.70    3.8294
    703.80    3.8327
    703.90    3.8361
    704.00    3.8395
    704.10    3.8428
    704.20    3.8462
    704.30    3.8495
    704.40    3.8528
    704.50    3.8561
    704.60    3.8594
    704.70    3.8626
    704.80    3.8659
    704.90    3.8691
    705.00    3.8723
    705.10    3.8755
    705.20    3.8786
    705.30    3.8818
    705.40    3.8849
    705.50    3.8880
    705.60    3.8911
    705.70    3.8942
    705.80    3.8973
    705.90    3.9004
    706.00    3.9035
    706.10    3.9066
    706.20    3.9097
    706.30    3.9128
    706.40    3.9159
    706.50    3.9190
    706.60    3.9221
    706.70    3.9252
    706.80    3.9283
    706.90    3.9314
    707.00    3.9345
    707.10    3.9376
    707.20    3.9407
    707.30    3.9437
    707.40    3.9468
    707.50    3.9499
    707.60    3.9530
    707.70    3.9560
    707.80    3.9591
    707.90    3.9621
    708.00    3.9651
    708.10    3.9681
    708.20    3.9711
    708.30    3.9741
    708.40    3.9771
    708.50    3.9802
    708.60    3.9832
    708.70    3.9862
    708.80    3.9892
    708.90    3.9923
    709.00    3.9954
    709.10    3.9985
    709.20    4.0016
    709.30    4.0048
    709.40    4.0079
    709.50    4.0111
    709.60    4.0142
    709.70    4.0174
    709.80    4.0205
    709.90    4.0236
    710.00    4.0267
    710.10    4.0297
    710.20    4.0327
    710.30    4.0356
    710.40    4.0386
    710.50    4.0415
    710.60    4.0444
    710.70    4.0473
    710.80    4.0502
    710.90    4.0530
    711.00    4.0559
    711.10    4.0588
    711.20    4.0617
    711.30    4.0645
    711.40    4.0674
    711.50    4.0703
    711.60    4.0732
    711.70    4.0761
    711.80    4.0790
    711.90    4.0818
    712.00    4.0847
    712.10    4.0876
    712.20    4.0904
    712.30    4.0933
    712.40    4.0961
    712.50    4.0990
    712.60    4.1018
    712.70    4.1046
    712.80    4.1075
    712.90    4.1103
    713.00    4.1131
    713.10    4.1159
    713.20    4.1187
    713.30    4.1216
    713.40    4.1244
    713.50    4.1272
    713.60    4.1300
    713.70    4.1328
    713.80    4.1356
    713.90    4.1384
    714.00    4.1413
    714.10    4.1441
    714.20    4.1469
    714.30    4.1498
    714.40    4.1526
    714.50    4.1554
    714.60    4.1582
    714.70    4.1610
    714.80    4.1638
    714.90    4.1665
    715.00    4.1692
    715.10    4.1719
    715.20    4.1745
    715.30    4.1772
    715.40    4.1798
    715.50    4.1824
    715.60    4.1850
    715.70    4.1876
    715.80    4.1902
    715.90    4.1929
    716.00    4.1955
    716.10    4.1982
    716.20    4.2010
    716.30    4.2037
    716.40    4.2065
    716.50    4.2093
    716.60    4.2121
    716.70    4.2149
    716.80    4.2177
    716.90    4.2206
    717.00    4.2234
    717.10    4.2263
    717.20    4.2291
    717.30    4.2319
    717.40    4.2348
    717.50    4.2376
    717.60    4.2404
    717.70    4.2432
    717.80    4.2459
    717.90    4.2487
    718.00    4.2514
    718.10    4.2541
    718.20    4.2568
    718.30    4.2594
    718.40    4.2620
    718.50    4.2647
    718.60    4.2673
    718.70    4.2700
    718.80    4.2726
    718.90    4.2753
    719.00    4.2780
    719.10    4.2808
    719.20    4.2835
    719.30    4.2863
    719.40    4.2892
    719.50    4.2920
    719.60    4.2949
    719.70    4.2978
    719.80    4.3007
    719.90    4.3036
    720.00    4.3065
    720.10    4.3094
    720.20    4.3123
    720.30    4.3153
    720.40    4.3182
    720.50    4.3211
    720.60    4.3240
    720.70    4.3268
    720.80    4.3297
    720.90    4.3325
    721.00    4.3354
    721.10    4.3381
    721.20    4.3409
    721.30    4.3436
    721.40    4.3464
    721.50    4.3491
    721.60    4.3518
    721.70    4.3546
    721.80    4.3573
    721.90    4.3601
    722.00    4.3629
    722.10    4.3658
    722.20    4.3687
    722.30    4.3716
    722.40    4.3745
    722.50    4.3774
    722.60    4.3804
    722.70    4.3834
    722.80    4.3864
    722.90    4.3894
    723.00    4.3924
    723.10    4.3954
    723.20    4.3984
    723.30    4.4014
    723.40    4.4044
    723.50    4.4074
    723.60    4.4104
    723.70    4.4134
    723.80    4.4163
    723.90    4.4192
    724.00    4.4221
    724.10    4.4250
    724.20    4.4278
    724.30    4.4306
    724.40    4.4334
    724.50    4.4362
    724.60    4.4390
    724.70    4.4418
    724.80    4.4446
    724.90    4.4475
    725.00    4.4503
    725.10    4.4532
    725.20    4.4562
    725.30    4.4591
    725.40    4.4621
    725.50    4.4651
    725.60    4.4681
    725.70    4.4712
    725.80    4.4742
    725.90    4.4773
    726.00    4.4803
    726.10    4.4834
    726.20    4.4864
    726.30    4.4895
    726.40    4.4925
    726.50    4.4955
    726.60    4.4985
    726.70    4.5015
    726.80    4.5045
    726.90    4.5074
    727.00    4.5104
    727.10    4.5132
    727.20    4.5161
    727.30    4.5189
    727.40    4.5217
    727.50    4.5245
    727.60    4.5273
    727.70    4.5302
    727.80    4.5330
    727.90    4.5359
    728.00    4.5387
    728.10    4.5417
    728.20    4.5446
    728.30    4.5476
    728.40    4.5506
    728.50    4.5536
    728.60    4.5566
    728.70    4.5596
    728.80    4.5627
    728.90    4.5657
    729.00    4.5687
    729.10    4.5717
    729.20    4.5747
    729.30    4.5777
    729.40    4.5807
    729.50    4.5837
    729.60    4.5867
    729.70    4.5897
    729.80    4.5926
    729.90    4.5956
    730.00    4.5986
    730.10    4.6016
    730.20    4.6045
    730.30    4.6075
    730.40    4.6105
    730.50    4.6135
    730.60    4.6164
    730.70    4.6194
    730.80    4.6224
    730.90    4.6253
    731.00    4.6283
    731.10    4.6312
    731.20    4.6342
    731.30    4.6371
    731.40    4.6401
    731.50    4.6430
    731.60    4.6460
    731.70    4.6489
    731.80    4.6518
    731.90    4.6548
    732.00    4.6577
    732.10    4.6606
    732.20    4.6636
    732.30    4.6665
    732.40    4.6694
    732.50    4.6723
    732.60    4.6752
    732.70    4.6781
    732.80    4.6810
    732.90    4.6839
    733.00    4.6868
    733.10    4.6896
    733.20    4.6925
    733.30    4.6953
    733.40    4.6981
    733.50    4.7010
    733.60    4.7038
    733.70    4.7067
    733.80    4.7095
    733.90    4.7124
    734.00    4.7154
    734.10    4.7183
    734.20    4.7213
    734.30    4.7243
    734.40    4.7273
    734.50    4.7303
    734.60    4.7333
    734.70    4.7363
    734.80    4.7393
    734.90    4.7422
    735.00    4.7451
    735.10    4.7480
    735.20    4.7508
    735.30    4.7536
    735.40    4.7563
    735.50    4.7590
    735.60    4.7617
    735.70    4.7644
    735.80    4.7671
    735.90    4.7698
    736.00    4.7724
    736.10    4.7751
    736.20    4.7778
    736.30    4.7805
    736.40    4.7831
    736.50    4.7858
    736.60    4.7884
    736.70    4.7911
    736.80    4.7937
    736.90    4.7964
    737.00    4.7990
    737.10    4.8016
    737.20    4.8043
    737.30    4.8069
    737.40    4.8095
    737.50    4.8120
    737.60    4.8146
    737.70    4.8172
    737.80    4.8197
    737.90    4.8222
    738.00    4.8247
    738.10    4.8272
    738.20    4.8297
    738.30    4.8321
    738.40    4.8346
    738.50    4.8371
    738.60    4.8395
    738.70    4.8420
    738.80    4.8444
    738.90    4.8469
    739.00    4.8494
    739.10    4.8519
    739.20    4.8545
    739.30    4.8570
    739.40    4.8596
    739.50    4.8621
    739.60    4.8647
    739.70    4.8672
    739.80    4.8698
    739.90    4.8723
    740.00    4.8748
    740.10    4.8773
    740.20    4.8797
    740.30    4.8821
    740.40    4.8845
    740.50    4.8868
    740.60    4.8890
    740.70    4.8912
    740.80    4.8933
    740.90    4.8953
    741.00    4.8973
    741.10    4.8991
    741.20    4.9009
    741.30    4.9026
    741.40    4.9042
    741.50    4.9058
    741.60    4.9074
    741.70    4.9089
    741.80    4.9104
    741.90    4.9119
    742.00    4.9134
    742.10    4.9150
    742.20    4.9165
    742.30    4.9181
    742.40    4.9197
    742.50    4.9212
    742.60    4.9228
    742.70    4.9243
    742.80    4.9258
    742.90    4.9272
    743.00    4.9287
    743.10    4.9300
    743.20    4.9313
    743.30    4.9326
    743.40    4.9339
    743.50    4.9351
    743.60    4.9363
    743.70    4.9376
    743.80    4.9388
    743.90    4.9400
    744.00    4.9413
    744.10    4.9426
    744.20    4.9440
    744.30    4.9453
    744.40    4.9467
    744.50    4.9481
    744.60    4.9495
    744.70    4.9509
    744.80    4.9523
    744.90    4.9537
    745.00    4.9551
    745.10    4.9565
    745.20    4.9578
    745.30    4.9592
    745.40    4.9605
    745.50    4.9618
    745.60    4.9631
    745.70    4.9645
    745.80    4.9658
    745.90    4.9671
    746.00    4.9684
    746.10    4.9698
    746.20    4.9711
    746.30    4.9724
    746.40    4.9738
    746.50    4.9751
    746.60    4.9764
    746.70    4.9777
    746.80    4.9790
    746.90    4.9802
    747.00    4.9814
    747.10    4.9825
    747.20    4.9836
    747.30    4.9847
    747.40    4.9858
    747.50    4.9869
    747.60    4.9879
    747.70    4.9890
    747.80    4.9901
    747.90    4.9912
    748.00    4.9924
    748.10    4.9936
    748.20    4.9948
    748.30    4.9961
    748.40    4.9974
    748.50    4.9987
    748.60    5.0000
    748.70    5.0013
    748.80    5.0026
    748.90    5.0038
    749.00    5.0051
    749.10    5.0063
    749.20    5.0074
    749.30    5.0086
    749.40    5.0097
    749.50    5.0108
    749.60    5.0119
    749.70    5.0129
    749.80    5.0140
    749.90    5.0150
    750.00    5.0161
    750.10    5.0171
    750.20    5.0182
    750.30    5.0192
    750.40    5.0203
    750.50    5.0214
    750.60    5.0225
    750.70    5.0237
    750.80    5.0248
    750.90    5.0260
    751.00    5.0273
    751.10    5.0285
    751.20    5.0298
    751.30    5.0312
    751.40    5.0325
    751.50    5.0339
    751.60    5.0352
    751.70    5.0365
    751.80    5.0379
    751.90    5.0392
    752.00    5.0405
    752.10    5.0417
    752.20    5.0429
    752.30    5.0441
    752.40    5.0452
    752.50    5.0464
    752.60    5.0475
    752.70    5.0486
    752.80    5.0497
    752.90    5.0509
    753.00    5.0520
    753.10    5.0531
    753.20    5.0543
    753.30    5.0555
    753.40    5.0566
    753.50    5.0578
    753.60    5.0590
    753.70    5.0602
    753.80    5.0613
    753.90    5.0625
    754.00    5.0636
    754.10    5.0648
    754.20    5.0659
    754.30    5.0670
    754.40    5.0681
    754.50    5.0693
    754.60    5.0704
    754.70    5.0716
    754.80    5.0728
    754.90    5.0741
    755.00    5.0754
    755.10    5.0767
    755.20    5.0781
    755.30    5.0795
    755.40    5.0809
    755.50    5.0823
    755.60    5.0837
    755.70    5.0851
    755.80    5.0864
    755.90    5.0877
    756.00    5.0889
    756.10    5.0901
    756.20    5.0911
    756.30    5.0922
    756.40    5.0931
    756.50    5.0941
    756.60    5.0950
    756.70    5.0959
    756.80    5.0969
    756.90    5.0978
    757.00    5.0988
    757.10    5.0999
    757.20    5.1010
    757.30    5.1021
    757.40    5.1033
    757.50    5.1045
    757.60    5.1057
    757.70    5.1069
    757.80    5.1081
    757.90    5.1093
    758.00    5.1105
    758.10    5.1117
    758.20    5.1129
    758.30    5.1141
    758.40    5.1152
    758.50    5.1164
    758.60    5.1175
    758.70    5.1187
    758.80    5.1198
    758.90    5.1209
    759.00    5.1221
    759.10    5.1232
    759.20    5.1244
    759.30    5.1255
    759.40    5.1267
    759.50    5.1278
    759.60    5.1290
    759.70    5.1301
    759.80    5.1312
    759.90    5.1324
    760.00    5.1335
    760.10    5.1347
    760.20    5.1358
    760.30    5.1369
    760.40    5.1381
    760.50    5.1392
    760.60    5.1403
    760.70    5.1414
    760.80    5.1426
    760.90    5.1437
    761.00    5.1448
    761.10    5.1459
    761.20    5.1470
    761.30    5.1481
    761.40    5.1492
    761.50    5.1504
    761.60    5.1515
    761.70    5.1526
    761.80    5.1537
    761.90    5.1548
    762.00    5.1559
    762.10    5.1570
    762.20    5.1581
    762.30    5.1592
    762.40    5.1603
    762.50    5.1614
    762.60    5.1625
    762.70    5.1636
    762.80    5.1646
    762.90    5.1657
    763.00    5.1667
    763.10    5.1678
    763.20    5.1688
    763.30    5.1698
    763.40    5.1709
    763.50    5.1719
    763.60    5.1729
    763.70    5.1740
    763.80    5.1751
    763.90    5.1762
    764.00    5.1774
    764.10    5.1786
    764.20    5.1798
    764.30    5.1810
    764.40    5.1823
    764.50    5.1835
    764.60    5.1848
    764.70    5.1860
    764.80    5.1872
    764.90    5.1884
    765.00    5.1896
    765.10    5.1907
    765.20    5.1918
    765.30    5.1929
    765.40    5.1939
    765.50    5.1949
    765.60    5.1959
    765.70    5.1968
    765.80    5.1978
    765.90    5.1988
    766.00    5.1997
    766.10    5.2007
    766.20    5.2017
    766.30    5.2027
    766.40    5.2036
    766.50    5.2046
    766.60    5.2056
    766.70    5.2066
    766.80    5.2076
    766.90    5.2086
    767.00    5.2096
    767.10    5.2105
    767.20    5.2115
    767.30    5.2125
    767.40    5.2134
    767.50    5.2144
    767.60    5.2153
    767.70    5.2163
    767.80    5.2172
    767.90    5.2182
    768.00    5.2191
    768.10    5.2200
    768.20    5.2210
    768.30    5.2219
    768.40    5.2228
    768.50    5.2237
    768.60    5.2246
    768.70    5.2256
    768.80    5.2265
    768.90    5.2274
    769.00    5.2283
    769.10    5.2292
    769.20    5.2301
    769.30    5.2310
    769.40    5.2319
    769.50    5.2328
    769.60    5.2337
    769.70    5.2346
    769.80    5.2355
    769.90    5.2363
    770.00    5.2372
    770.10    5.2380
    770.20    5.2388
    770.30    5.2396
    770.40    5.2405
    770.50    5.2413
    770.60    5.2421
    770.70    5.2430
    770.80    5.2438
    770.90    5.2448
    771.00    5.2457
    771.10    5.2467
    771.20    5.2477
    771.30    5.2487
    771.40    5.2497
    771.50    5.2508
    771.60    5.2518
    771.70    5.2528
    771.80    5.2538
    771.90    5.2548
    772.00    5.2557
    772.10    5.2566
    772.20    5.2575
    772.30    5.2583
    772.40    5.2591
    772.50    5.2599
    772.60    5.2606
    772.70    5.2613
    772.80    5.2621
    772.90    5.2628
    773.00    5.2635
    773.10    5.2643
    773.20    5.2650
    773.30    5.2658
    773.40    5.2665
    773.50    5.2673
    773.60    5.2680
    773.70    5.2688
    773.80    5.2695
    773.90    5.2703
    774.00    5.2710
    774.10    5.2717
    774.20    5.2724
    774.30    5.2731
    774.40    5.2738
    774.50    5.2745
    774.60    5.2752
    774.70    5.2759
    774.80    5.2766
    774.90    5.2773
    775.00    5.2781
    775.10    5.2789
    775.20    5.2797
    775.30    5.2805
    775.40    5.2814
    775.50    5.2823
    775.60    5.2831
    775.70    5.2840
    775.80    5.2849
    775.90    5.2858
    776.00    5.2867
    776.10    5.2876
    776.20    5.2885
    776.30    5.2894
    776.40    5.2903
    776.50    5.2912
    776.60    5.2920
    776.70    5.2928
    776.80    5.2936
    776.90    5.2943
    777.00    5.2950
    777.10    5.2957
    777.20    5.2963
    777.30    5.2969
    777.40    5.2975
    777.50    5.2981
    777.60    5.2987
    777.70    5.2992
    777.80    5.2998
    777.90    5.3005
    778.00    5.3011
    778.10    5.3018
    778.20    5.3025
    778.30    5.3032
    778.40    5.3040
    778.50    5.3048
    778.60    5.3056
    778.70    5.3064
    778.80    5.3071
    778.90    5.3079
    779.00    5.3087
    779.10    5.3095
    779.20    5.3102
    779.30    5.3109
    779.40    5.3117
    779.50    5.3124
    779.60    5.3131
    779.70    5.3138
    779.80    5.3145
    779.90    5.3152
    780.00    5.3160
    780.10    5.3167
    780.20    5.3175
    780.30    5.3182
    780.40    5.3189
    780.50    5.3197
    780.60    5.3204
    780.70    5.3210
    780.80    5.3217
    780.90    5.3223
    781.00    5.3229
    781.10    5.3234
    781.20    5.3239
    781.30    5.3244
    781.40    5.3249
    781.50    5.3253
    781.60    5.3257
    781.70    5.3262
    781.80    5.3266
    781.90    5.3271
    782.00    5.3276
    782.10    5.3281
    782.20    5.3287
    782.30    5.3293
    782.40    5.3299
    782.50    5.3306
    782.60    5.3312
    782.70    5.3319
    782.80    5.3325
    782.90    5.3332
    783.00    5.3338
    783.10    5.3345
    783.20    5.3351
    783.30    5.3357
    783.40    5.3363
    783.50    5.3368
    783.60    5.3374
    783.70    5.3380
    783.80    5.3386
    783.90    5.3392
    784.00    5.3398
    784.10    5.3404
    784.20    5.3410
    784.30    5.3416
    784.40    5.3422
    784.50    5.3428
    784.60    5.3433
    784.70    5.3439
    784.80    5.3444
    784.90    5.3449
    785.00    5.3453
    785.10    5.3457
    785.20    5.3461
    785.30    5.3464
    785.40    5.3467
    785.50    5.3470
    785.60    5.3473
    785.70    5.3476
    785.80    5.3479
    785.90    5.3483
    786.00    5.3486
    786.10    5.3491
    786.20    5.3495
    786.30    5.3500
    786.40    5.3505
    786.50    5.3510
    786.60    5.3515
    786.70    5.3520
    786.80    5.3525
    786.90    5.3530
    787.00    5.3535
    787.10    5.3540
    787.20    5.3545
    787.30    5.3550
    787.40    5.3554
    787.50    5.3559
    787.60    5.3563
    787.70    5.3567
    787.80    5.3572
    787.90    5.3576
    788.00    5.3581
    788.10    5.3586
    788.20    5.3590
    788.30    5.3595
    788.40    5.3600
    788.50    5.3604
    788.60    5.3609
    788.70    5.3613
    788.80    5.3617
    788.90    5.3620
    789.00    5.3623
    789.10    5.3626
    789.20    5.3628
    789.30    5.3630
    789.40    5.3632
    789.50    5.3634
    789.60    5.3635
    789.70    5.3637
    789.80    5.3639
    789.90    5.3641
    790.00    5.3643
    790.10    5.3646
    790.20    5.3649
    790.30    5.3652
    790.40    5.3655
    790.50    5.3659
    790.60    5.3663
    790.70    5.3667
    790.80    5.3671
    790.90    5.3675
    791.00    5.3678
    791.10    5.3682
    791.20    5.3686
    791.30    5.3689
    791.40    5.3692
    791.50    5.3695
    791.60    5.3698
    791.70    5.3702
    791.80    5.3705
    791.90    5.3708
    792.00    5.3711
    792.10    5.3714
    792.20    5.3716
    792.30    5.3719
    792.40    5.3722
    792.50    5.3725
    792.60    5.3728
    792.70    5.3731
    792.80    5.3734
    792.90    5.3737
    793.00    5.3739
    793.10    5.3742
    793.20    5.3745
    793.30    5.3747
    793.40    5.3750
    793.50    5.3752
    793.60    5.3755
    793.70    5.3757
    793.80    5.3760
    793.90    5.3762
    794.00    5.3765
    794.10    5.3768
    794.20    5.3770
    794.30    5.3773
    794.40    5.3776
    794.50    5.3778
    794.60    5.3781
    794.70    5.3783
    794.80    5.3785
    794.90    5.3786
    795.00    5.3787
    795.10    5.3788
    795.20    5.3788
    795.30    5.3788
    795.40    5.3788
    795.50    5.3788
    795.60    5.3787
    795.70    5.3787
    795.80    5.3787
    795.90    5.3787
    796.00    5.3787
    796.10    5.3788
    796.20    5.3789
    796.30    5.3790
    796.40    5.3792
    796.50    5.3794
    796.60    5.3795
    796.70    5.3797
    796.80    5.3799
    796.90    5.3801
    797.00    5.3803
    797.10    5.3805
    797.20    5.3806
    797.30    5.3808
    797.40    5.3809
    797.50    5.3810
    797.60    5.3812
    797.70    5.3813
    797.80    5.3814
    797.90    5.3815
    798.00    5.3816
    798.10    5.3817
    798.20    5.3818
    798.30    5.3819
    798.40    5.3820
    798.50    5.3820
    798.60    5.3821
    798.70    5.3822
    798.80    5.3823
    798.90    5.3824
    799.00    5.3825
    799.10    5.3826
    799.20    5.3828
    799.30    5.3829
    799.40    5.3830
    799.50    5.3830
    799.60    5.3831
    799.70    5.3832
    799.80    5.3832
    799.90    5.3832
    800.00    5.3832
    800.10    5.3831
    800.20    5.3830
    800.30    5.3829
    800.40    5.3828
    800.50    5.3826
    800.60    5.3825
    800.70    5.3823
    800.80    5.3821
    800.90    5.3818
    801.00    5.3816
    801.10    5.3814
    801.20    5.3811
    801.30    5.3809
    801.40    5.3807
    801.50    5.3805
    801.60    5.3803
    801.70    5.3801
    801.80    5.3800
    801.90    5.3798
    802.00    5.3797
    802.10    5.3797
    802.20    5.3796
    802.30    5.3796
    802.40    5.3796
    802.50    5.3796
    802.60    5.3796
    802.70    5.3796
    802.80    5.3796
    802.90    5.3795
    803.00    5.3794
    803.10    5.3793
    803.20    5.3791
    803.30    5.3789
    803.40    5.3787
    803.50    5.3784
    803.60    5.3782
    803.70    5.3779
    803.80    5.3775
    803.90    5.3772
    804.00    5.3769
    804.10    5.3766
    804.20    5.3762
    804.30    5.3759
    804.40    5.3756
    804.50    5.3753
    804.60    5.3750
    804.70    5.3747
    804.80    5.3744
    804.90    5.3742
    805.00    5.3740
    805.10    5.3739
    805.20    5.3737
    805.30    5.3736
    805.40    5.3735
    805.50    5.3734
    805.60    5.3733
    805.70    5.3732
    805.80    5.3731
    805.90    5.3729
    806.00    5.3727
    806.10    5.3725
    806.20    5.3722
    806.30    5.3719
    806.40    5.3716
    806.50    5.3712
    806.60    5.3708
    806.70    5.3704
    806.80    5.3700
    806.90    5.3696
    807.00    5.3691
    807.10    5.3687
    807.20    5.3683
    807.30    5.3678
    807.40    5.3674
    807.50    5.3670
    807.60    5.3666
    807.70    5.3662
    807.80    5.3659
    807.90    5.3655
    808.00    5.3652
    808.10    5.3650
    808.20    5.3647
    808.30    5.3645
    808.40    5.3643
    808.50    5.3641
    808.60    5.3639
    808.70    5.3637
    808.80    5.3634
    808.90    5.3632
    809.00    5.3629
    809.10    5.3625
    809.20    5.3621
    809.30    5.3617
    809.40    5.3613
    809.50    5.3608
    809.60    5.3603
    809.70    5.3598
    809.80    5.3593
    809.90    5.3587
    810.00    5.3582
    810.10    5.3577
    810.20    5.3571
    810.30    5.3566
    810.40    5.3560
    810.50    5.3555
    810.60    5.3550
    810.70    5.3545
    810.80    5.3540
    810.90    5.3536
    811.00    5.3532
    811.10    5.3528
    811.20    5.3525
    811.30    5.3521
    811.40    5.3518
    811.50    5.3515
    811.60    5.3512
    811.70    5.3508
    811.80    5.3505
    811.90    5.3501
    812.00    5.3497
    812.10    5.3492
    812.20    5.3488
    812.30    5.3482
    812.40    5.3477
    812.50    5.3471
    812.60    5.3465
    812.70    5.3459
    812.80    5.3453
    812.90    5.3446
    813.00    5.3440
    813.10    5.3433
    813.20    5.3426
    813.30    5.3420
    813.40    5.3413
    813.50    5.3407
    813.60    5.3401
    813.70    5.3395
    813.80    5.3389
    813.90    5.3384
    814.00    5.3379
    814.10    5.3374
    814.20    5.3370
    814.30    5.3365
    814.40    5.3361
    814.50    5.3357
    814.60    5.3353
    814.70    5.3349
    814.80    5.3344
    814.90    5.3339
    815.00    5.3334
    815.10    5.3328
    815.20    5.3321
    815.30    5.3315
    815.40    5.3308
    815.50    5.3301
    815.60    5.3293
    815.70    5.3286
    815.80    5.3279
    815.90    5.3273
    816.00    5.3266
    816.10    5.3260
    816.20    5.3254
    816.30    5.3249
    816.40    5.3244
    816.50    5.3239
    816.60    5.3234
    816.70    5.3229
    816.80    5.3224
    816.90    5.3220
    817.00    5.3215
    817.10    5.3209
    817.20    5.3204
    817.30    5.3199
    817.40    5.3193
    817.50    5.3188
    817.60    5.3182
    817.70    5.3176
    817.80    5.3171
    817.90    5.3165
    818.00    5.3160
    818.10    5.3155
    818.20    5.3149
    818.30    5.3144
    818.40    5.3139
    818.50    5.3133
    818.60    5.3128
    818.70    5.3122
    818.80    5.3116
    818.90    5.3109
    819.00    5.3102
    819.10    5.3095
    819.20    5.3087
    819.30    5.3079
    819.40    5.3071
    819.50    5.3063
    819.60    5.3055
    819.70    5.3047
    819.80    5.3038
    819.90    5.3031
    820.00    5.3023
    820.10    5.3016
    820.20    5.3009
    820.30    5.3002
    820.40    5.2996
    820.50    5.2990
    820.60    5.2984
    820.70    5.2978
    820.80    5.2972
    820.90    5.2966
    821.00    5.2960
    821.10    5.2954
    821.20    5.2947
    821.30    5.2941
    821.40    5.2934
    821.50    5.2927
    821.60    5.2921
    821.70    5.2914
    821.80    5.2907
    821.90    5.2900
    822.00    5.2894
    822.10    5.2887
    822.20    5.2880
    822.30    5.2873
    822.40    5.2866
    822.50    5.2859
    822.60    5.2852
    822.70    5.2845
    822.80    5.2838
    822.90    5.2831
    823.00    5.2824
    823.10    5.2817
    823.20    5.2810
    823.30    5.2803
    823.40    5.2795
    823.50    5.2788
    823.60    5.2781
    823.70    5.2773
    823.80    5.2766
    823.90    5.2759
    824.00    5.2752
    824.10    5.2745
    824.20    5.2738
    824.30    5.2731
    824.40    5.2724
    824.50    5.2716
    824.60    5.2709
    824.70    5.2701
    824.80    5.2693
    824.90    5.2685
    825.00    5.2676
    825.10    5.2667
    825.20    5.2657
    825.30    5.2647
    825.40    5.2637
    825.50    5.2627
    825.60    5.2617
    825.70    5.2607
    825.80    5.2597
    825.90    5.2587
    826.00    5.2578
    826.10    5.2569
    826.20    5.2561
    826.30    5.2553
    826.40    5.2545
    826.50    5.2537
    826.60    5.2529
    826.70    5.2521
    826.80    5.2513
    826.90    5.2504
    827.00    5.2495
    827.10    5.2486
    827.20    5.2475
    827.30    5.2465
    827.40    5.2454
    827.50    5.2443
    827.60    5.2432
    827.70    5.2421
    827.80    5.2411
    827.90    5.2400
    828.00    5.2390
    828.10    5.2381
    828.20    5.2371
    828.30    5.2362
    828.40    5.2354
    828.50    5.2345
    828.60    5.2336
    828.70    5.2328
    828.80    5.2319
    828.90    5.2309
    829.00    5.2300
    829.10    5.2290
    829.20    5.2279
    829.30    5.2268
    829.40    5.2257
    829.50    5.2246
    829.60    5.2234
    829.70    5.2222
    829.80    5.2210
    829.90    5.2199
    830.00    5.2187
    830.10    5.2175
    830.20    5.2164
    830.30    5.2152
    830.40    5.2140
    830.50    5.2129
    830.60    5.2117
    830.70    5.2106
    830.80    5.2094
    830.90    5.2082
    831.00    5.2070
    831.10    5.2058
    831.20    5.2045
    831.30    5.2033
    831.40    5.2020
    831.50    5.2008
    831.60    5.1996
    831.70    5.1984
    831.80    5.1972
    831.90    5.1960
    832.00    5.1949
    832.10    5.1938
    832.20    5.1927
    832.30    5.1917
    832.40    5.1906
    832.50    5.1896
    832.60    5.1886
    832.70    5.1875
    832.80    5.1865
    832.90    5.1853
    833.00    5.1842
    833.10    5.1830
    833.20    5.1817
    833.30    5.1804
    833.40    5.1791
    833.50    5.1778
    833.60    5.1764
    833.70    5.1751
    833.80    5.1738
    833.90    5.1725
    834.00    5.1712
    834.10    5.1700
    834.20    5.1688
    834.30    5.1677
    834.40    5.1666
    834.50    5.1654
    834.60    5.1643
    834.70    5.1632
    834.80    5.1620
    834.90    5.1609
    835.00    5.1597
    835.10    5.1584
    835.20    5.1571
    835.30    5.1558
    835.40    5.1544
    835.50    5.1531
    835.60    5.1516
    835.70    5.1502
    835.80    5.1488
    835.90    5.1473
    836.00    5.1458
    836.10    5.1444
    836.20    5.1429
    836.30    5.1415
    836.40    5.1400
    836.50    5.1386
    836.60    5.1371
    836.70    5.1357
    836.80    5.1343
    836.90    5.1330
    837.00    5.1316
    837.10    5.1303
    837.20    5.1290
    837.30    5.1278
    837.40    5.1265
    837.50    5.1253
    837.60    5.1240
    837.70    5.1228
    837.80    5.1215
    837.90    5.1202
    838.00    5.1188
    838.10    5.1174
    838.20    5.1160
    838.30    5.1145
    838.40    5.1131
    838.50    5.1115
    838.60    5.1100
    838.70    5.1085
    838.80    5.1069
    838.90    5.1054
    839.00    5.1038
    839.10    5.1023
    839.20    5.1007
    839.30    5.0992
    839.40    5.0977
    839.50    5.0961
    839.60    5.0946
    839.70    5.0931
    839.80    5.0916
    839.90    5.0900
    840.00    5.0885
    840.10    5.0870
    840.20    5.0854
    840.30    5.0839
    840.40    5.0823
    840.50    5.0808
    840.60    5.0792
    840.70    5.0776
    840.80    5.0760
    840.90    5.0744
    841.00    5.0728
    841.10    5.0712
    841.20    5.0696
    841.30    5.0680
    841.40    5.0663
    841.50    5.0647
    841.60    5.0631
    841.70    5.0615
    841.80    5.0600
    841.90    5.0584
    842.00    5.0569
    842.10    5.0554
    842.20    5.0540
    842.30    5.0526
    842.40    5.0512
    842.50    5.0497
    842.60    5.0483
    842.70    5.0469
    842.80    5.0455
    842.90    5.0440
    843.00    5.0425
    843.10    5.0410
    843.20    5.0394
    843.30    5.0378
    843.40    5.0362
    843.50    5.0345
    843.60    5.0329
    843.70    5.0312
    843.80    5.0295
    843.90    5.0278
    844.00    5.0262
    844.10    5.0245
    844.20    5.0229
    844.30    5.0212
    844.40    5.0196
    844.50    5.0179
    844.60    5.0163
    844.70    5.0147
    844.80    5.0130
    844.90    5.0113
    845.00    5.0097
    845.10    5.0080
    845.20    5.0063
    845.30    5.0046
    845.40    5.0029
    845.50    5.0012
    845.60    4.9996
    845.70    4.9979
    845.80    4.9963
    845.90    4.9947
    846.00    4.9931
    846.10    4.9916
    846.20    4.9900
    846.30    4.9886
    846.40    4.9871
    846.50    4.9856
    846.60    4.9842
    846.70    4.9827
    846.80    4.9812
    846.90    4.9797
    847.00    4.9782
    847.10    4.9766
    847.20    4.9751
    847.30    4.9734
    847.40    4.9718
    847.50    4.9701
    847.60    4.9684
    847.70    4.9667
    847.80    4.9650
    847.90    4.9633
    848.00    4.9616
    848.10    4.9598
    848.20    4.9581
    848.30    4.9564
    848.40    4.9547
    848.50    4.9530
    848.60    4.9514
    848.70    4.9497
    848.80    4.9481
    848.90    4.9465
    849.00    4.9450
    849.10    4.9435
    849.20    4.9420
    849.30    4.9405
    849.40    4.9391
    849.50    4.9376
    849.60    4.9362
    849.70    4.9347
    849.80    4.9332
    849.90    4.9317
