    170.00    0.3704
    170.10    0.4329
    170.20    0.5058
    170.30    0.5910
    170.40    0.6904
    170.50    0.8062
    170.60    0.9410
    170.70    1.0979
    170.80    1.2800
    170.90    1.4913
    171.00    1.7362
    171.10    1.7633
    171.20    1.7893
    171.30    1.8143
    171.40    1.8383
    171.50    1.8614
    171.60    1.8836
    171.70    1.9050
    171.80    1.9256
    171.90    1.9455
    172.00    1.9646
    172.10    1.9796
    172.20    1.9941
    172.30    2.0084
    172.40    2.0226
    172.50    2.0371
    172.60    2.0521
    172.70    2.0677
    172.80    2.0842
    172.90    2.1019
    173.00    2.1211
    173.10    2.1418
    173.20    2.1637
    173.30    2.1865
    173.40    2.2097
    173.50    2.2329
    173.60    2.2556
    173.70    2.2775
    173.80    2.2979
    173.90    2.3165
    174.00    2.3328
    174.10    2.3464
    174.20    2.3575
    174.30    2.3662
    174.40    2.3729
    174.50    2.3778
    174.60    2.3812
    174.70    2.3832
    174.80    2.3842
    174.90    2.3845
    175.00    2.3842
    175.10    2.3836
    175.20    2.3829
    175.30    2.3819
    175.40    2.3808
    175.50    2.3795
    175.60    2.3782
    175.70    2.3768
    175.80    2.3754
    175.90    2.3740
    176.00    2.3726
    176.10    2.3713
    176.20    2.3700
    176.30    2.3689
    176.40    2.3680
    176.50    2.3672
    176.60    2.3667
    176.70    2.3664
    176.80    2.3664
    176.90    2.3666
    177.00    2.3672
    177.10    2.3681
    177.20    2.3693
    177.30    2.3706
    177.40    2.3720
    177.50    2.3732
    177.60    2.3743
    177.70    2.3750
    177.80    2.3753
    177.90    2.3751
    178.00    2.3742
    178.10    2.3726
    178.20    2.3704
    178.30    2.3677
    178.40    2.3648
    178.50    2.3617
    178.60    2.3587
    178.70    2.3558
    178.80    2.3532
    178.90    2.3512
    179.00    2.3498
    179.10    2.3491
    179.20    2.3490
    179.30    2.3494
    179.40    2.3499
    179.50    2.3505
    179.60    2.3509
    179.70    2.3510
    179.80    2.3505
    179.90    2.3492
    180.00    2.3470
    180.10    2.3437
    180.20    2.3395
    180.30    2.3346
    180.40    2.3292
    180.50    2.3235
    180.60    2.3176
    180.70    2.3119
    180.80    2.3065
    180.90    2.3016
    181.00    2.2974
    181.10    2.2941
    181.20    2.2915
    181.30    2.2894
    181.40    2.2876
    181.50    2.2860
    181.60    2.2844
    181.70    2.2824
    181.80    2.2800
    181.90    2.2770
    182.00    2.2732
    182.10    2.2684
    182.20    2.2627
    182.30    2.2564
    182.40    2.2495
    182.50    2.2424
    182.60    2.2351
    182.70    2.2278
    182.80    2.2207
    182.90    2.2140
    183.00    2.2079
    183.10    2.2023
    183.20    2.1974
    183.30    2.1930
    183.40    2.1889
    183.50    2.1850
    183.60    2.1813
    183.70    2.1776
    183.80    2.1738
    183.90    2.1698
    184.00    2.1654
    184.10    2.1607
    184.20    2.1555
    184.30    2.1501
    184.40    2.1443
    184.50    2.1384
    184.60    2.1323
    184.70    2.1261
    184.80    2.1198
    184.90    2.1136
    185.00    2.1074
    185.10    2.1013
    185.20    2.0953
    185.30    2.0894
    185.40    2.0835
    185.50    2.0775
    185.60    2.0716
    185.70    2.0656
    185.80    2.0595
    185.90    2.0532
    186.00    2.0468
    186.10    2.0402
    186.20    2.0335
    186.30    2.0267
    186.40    2.0197
    186.50    2.0128
    186.60    2.0058
    186.70    1.9988
    186.80    1.9919
    186.90    1.9850
    187.00    1.9783
    187.10    1.9717
    187.20    1.9652
    187.30    1.9587
    187.40    1.9521
    187.50    1.9454
    187.60    1.9384
    187.70    1.9312
    187.80    1.9235
    187.90    1.9154
    188.00    1.9068
    188.10    1.8974
    188.20    1.8876
    188.30    1.8774
    188.40    1.8670
    188.50    1.8565
    188.60    1.8461
    188.70    1.8358
    188.80    1.8259
    188.90    1.8163
    189.00    1.8072
    189.10    1.7988
    189.20    1.7910
    189.30    1.7839
    189.40    1.7775
    189.50    1.7718
    189.60    1.7669
    189.70    1.7627
    189.80    1.7593
    189.90    1.7567
    190.00    1.7549
    190.10    1.7539
    190.20    1.7532
    190.30    1.7525
    190.40    1.7511
    190.50    1.7487
    190.60    1.7448
    190.70    1.7389
    190.80    1.7304
    190.90    1.7191
    191.00    1.7044
    191.10    1.6861
    191.20    1.6649
    191.30    1.6415
    191.40    1.6167
    191.50    1.5913
    191.60    1.5661
    191.70    1.5417
    191.80    1.5190
    191.90    1.4985
    192.00    1.4809
    192.10    1.4667
    192.20    1.4555
    192.30    1.4468
    192.40    1.4399
    192.50    1.4344
    192.60    1.4298
    192.70    1.4254
    192.80    1.4209
    192.90    1.4155
    193.00    1.4090
    193.10    1.4007
    193.20    1.3910
    193.30    1.3799
    193.40    1.3676
    193.50    1.3544
    193.60    1.3406
    193.70    1.3262
    193.80    1.3115
    193.90    1.2967
    194.00    1.2819
    194.10    1.2674
    194.20    1.2532
    194.30    1.2392
    194.40    1.2256
    194.50    1.2122
    194.60    1.1990
    194.70    1.1862
    194.80    1.1737
    194.90    1.1614
    195.00    1.1495
    195.10    1.1378
    195.20    1.1264
    195.30    1.1153
    195.40    1.1045
    195.50    1.0939
    195.60    1.0836
    195.70    1.0734
    195.80    1.0635
    195.90    1.0538
    196.00    1.0442
    196.10    1.0349
    196.20    1.0256
    196.30    1.0163
    196.40    1.0070
    196.50    0.9976
    196.60    0.9880
    196.70    0.9782
    196.80    0.9680
    196.90    0.9575
    197.00    0.9465
    197.10    0.9351
    197.20    0.9232
    197.30    0.9110
    197.40    0.8986
    197.50    0.8860
    197.60    0.8734
    197.70    0.8608
    197.80    0.8483
    197.90    0.8360
    198.00    0.8240
    198.10    0.8122
    198.20    0.8009
    198.30    0.7899
    198.40    0.7793
    198.50    0.7692
    198.60    0.7595
    198.70    0.7503
    198.80    0.7416
    198.90    0.7335
    199.00    0.7259
    199.10    0.7188
    199.20    0.7122
    199.30    0.7060
    199.40    0.7001
    199.50    0.6945
    199.60    0.6889
    199.70    0.6835
    199.80    0.6780
    199.90    0.6724
    200.00    0.6666
    200.10    0.6606
    200.20    0.6544
    200.30    0.6479
    200.40    0.6413
    200.50    0.6346
    200.60    0.6277
    200.70    0.6208
    200.80    0.6138
    200.90    0.6067
    201.00    0.5997
    201.10    0.5926
    201.20    0.5857
    201.30    0.5789
    201.40    0.5723
    201.50    0.5660
    201.60    0.5601
    201.70    0.5546
    201.80    0.5495
    201.90    0.5450
    202.00    0.5411
    202.10    0.5378
    202.20    0.5350
    202.30    0.5326
    202.40    0.5306
    202.50    0.5287
    202.60    0.5269
    202.70    0.5250
    202.80    0.5230
    202.90    0.5207
    203.00    0.5180
    203.10    0.5148
    203.20    0.5112
    203.30    0.5072
    203.40    0.5028
    203.50    0.4981
    203.60    0.4932
    203.70    0.4879
    203.80    0.4826
    203.90    0.4770
    204.00    0.4714
    204.10    0.4657
    204.20    0.4600
    204.30    0.4544
    204.40    0.4489
    204.50    0.4435
    204.60    0.4385
    204.70    0.4337
    204.80    0.4293
    204.90    0.4253
    205.00    0.4217
    205.10    0.4187
    205.20    0.4161
    205.30    0.4139
    205.40    0.4120
    205.50    0.4104
    205.60    0.4090
    205.70    0.4077
    205.80    0.4065
    205.90    0.4052
    206.00    0.4040
    206.10    0.4026
    206.20    0.4011
    206.30    0.3996
    206.40    0.3979
    206.50    0.3963
    206.60    0.3946
    206.70    0.3929
    206.80    0.3912
    206.90    0.3895
    207.00    0.3878
    207.10    0.3862
    207.20    0.3846
    207.30    0.3831
    207.40    0.3816
    207.50    0.3802
    207.60    0.3787
    207.70    0.3773
    207.80    0.3759
    207.90    0.3745
    208.00    0.3731
    208.10    0.3717
    208.20    0.3703
    208.30    0.3688
    208.40    0.3674
    208.50    0.3660
    208.60    0.3645
    208.70    0.3631
    208.80    0.3616
    208.90    0.3601
    209.00    0.3586
    209.10    0.3570
    209.20    0.3554
    209.30    0.3539
    209.40    0.3523
    209.50    0.3507
    209.60    0.3491
    209.70    0.3475
    209.80    0.3459
    209.90    0.3444
    210.00    0.3428
    210.10    0.3413
    210.20    0.3398
    210.30    0.3383
    210.40    0.3368
    210.50    0.3353
    210.60    0.3339
    210.70    0.3324
    210.80    0.3309
    210.90    0.3294
    211.00    0.3279
    211.10    0.3264
    211.20    0.3248
    211.30    0.3232
    211.40    0.3216
    211.50    0.3200
    211.60    0.3184
    211.70    0.3168
    211.80    0.3152
    211.90    0.3135
    212.00    0.3119
    212.10    0.3102
    212.20    0.3086
    212.30    0.3069
    212.40    0.3052
    212.50    0.3036
    212.60    0.3019
    212.70    0.3002
    212.80    0.2986
    212.90    0.2969
    213.00    0.2952
    213.10    0.2936
    213.20    0.2920
    213.30    0.2903
    213.40    0.2887
    213.50    0.2871
    213.60    0.2854
    213.70    0.2838
    213.80    0.2822
    213.90    0.2806
    214.00    0.2790
    214.10    0.2775
    214.20    0.2759
    214.30    0.2743
    214.40    0.2727
    214.50    0.2711
    214.60    0.2696
    214.70    0.2680
    214.80    0.2664
    214.90    0.2648
